#Creator: pendulumviewEventBuffer
#Creation time: Tue Mar 12 17:31:44 2024
#Time A	Pos A	Time B	Pos B
#[s]	[au]	[s]	[au]
0.024	440	0.050	254
0.076	440	0.100	274
0.126	441	0.151	307
0.177	441	0.202	347
0.227	441	0.253	398
0.278	441	0.303	451
0.329	442	0.354	505
0.380	441	0.404	561
0.430	444	0.456	609
0.481	445	0.506	653
0.531	447	0.557	686
0.582	450	0.607	712
0.633	452	0.658	723
0.684	456	0.709	720
0.734	458	0.760	709
0.785	461	0.811	685
0.835	464	0.861	651
0.887	467	0.912	607
0.937	468	0.962	558
0.988	468	1.014	506
1.038	468	1.064	450
1.089	466	1.115	398
1.140	464	1.165	351
1.191	460	1.216	309
1.241	455	1.267	279
1.292	449	1.318	258
1.342	446	1.368	251
1.393	438	1.419	256
1.444	432	1.469	272
1.495	426	1.520	301
1.545	422	1.571	338
1.596	418	1.622	384
1.646	415	1.672	433
1.698	414	1.723	486
1.748	415	1.773	538
1.799	418	1.825	590
1.849	421	1.875	631
1.900	429	1.926	669
1.951	435	1.976	695
2.002	442	2.027	711
2.052	453	2.078	714
2.103	462	2.129	706
2.153	470	2.179	687
2.205	479	2.230	658
2.255	487	2.280	621
2.306	492	2.331	574
2.356	494	2.382	524
2.407	495	2.433	471
2.457	493	2.483	421
2.509	489	2.534	374
2.559	483	2.584	333
2.610	475	2.636	299
2.660	465	2.686	275
2.711	453	2.737	263
2.762	441	2.787	263
2.813	427	2.838	275
2.863	417	2.889	297
2.914	406	2.940	330
2.964	398	2.990	370
3.016	392	3.041	416
3.066	388	3.091	465
3.117	389	3.142	513
3.167	391	3.193	564
3.218	398	3.244	609
3.268	406	3.294	647
3.320	417	3.345	677
3.370	431	3.395	697
3.421	445	3.447	703
3.471	460	3.497	699
3.522	475	3.548	685
3.573	489	3.598	661
3.624	502	3.649	628
3.674	511	3.700	588
3.725	518	3.751	541
3.775	521	3.801	491
3.827	520	3.852	443
3.877	515	3.902	398
3.928	507	3.953	355
3.978	495	4.004	320
4.029	481	4.055	294
4.079	465	4.105	279
4.131	447	4.156	276
4.181	426	4.206	282
4.232	411	4.258	299
4.282	395	4.308	326
4.333	381	4.359	362
4.384	372	4.409	405
4.435	365	4.460	450
4.485	364	4.511	497
4.536	366	4.562	542
4.586	372	4.612	585
4.638	383	4.663	625
4.688	397	4.713	655
4.739	415	4.765	677
4.789	434	4.815	688
4.840	455	4.866	687
4.890	475	4.916	678
4.942	495	4.967	659
4.992	512	5.017	631
5.043	527	5.069	596
5.093	538	5.119	555
5.144	544	5.170	510
5.195	545	5.220	464
5.246	541	5.271	420
5.296	533	5.322	380
5.347	519	5.373	345
5.397	501	5.423	317
5.449	480	5.474	300
5.499	458	5.524	292
5.550	436	5.576	295
5.600	411	5.626	304
5.651	390	5.677	328
5.701	372	5.727	358
5.753	357	5.778	394
5.803	347	5.828	435
5.854	341	5.880	480
5.904	342	5.930	523
5.955	348	5.981	563
6.006	359	6.031	599
6.057	375	6.082	631
6.107	396	6.133	656
6.158	419	6.184	668
6.208	445	6.234	671
6.260	469	6.285	668
6.310	495	6.335	654
6.361	519	6.387	630
6.411	538	6.437	601
6.462	553	6.488	564
6.512	563	6.538	525
6.564	566	6.589	483
6.614	564	6.639	442
6.665	556	6.691	403
6.715	541	6.741	369
6.766	522	6.792	342
6.818	498	6.842	322
6.868	471	6.893	312
6.919	443	6.944	311
6.969	414	6.995	318
7.020	388	7.045	335
7.071	365	7.096	359
7.122	345	7.146	390
7.172	331	7.198	426
7.223	324	7.248	464
7.273	321	7.299	504
7.325	326	7.349	540
7.375	337	7.400	577
7.426	354	7.450	607
7.476	375	7.502	632
7.527	403	7.552	647
7.577	432	7.603	652
7.629	462	7.653	652
7.679	492	7.704	642
7.730	520	7.755	625
7.780	544	7.806	600
7.831	564	7.856	569
7.882	577	7.907	535
7.933	585	7.957	498
7.983	585	8.009	461
8.034	577	8.059	426
8.084	563	8.110	394
8.136	543	8.160	367
8.186	518	8.211	347
8.237	487	8.261	335
8.287	456	8.313	330
8.338	423	8.363	334
8.388	392	8.414	347
8.440	363	8.464	366
8.490	339	8.515	391
8.541	320	8.566	422
8.591	309	8.617	454
8.642	304	8.667	489
8.693	306	8.718	523
8.744	318	8.768	555
8.794	334	8.820	584
8.845	356	8.870	606
8.895	385	8.921	622
8.947	417	8.971	631
8.997	451	9.022	634
9.048	484	9.072	628
9.098	517	9.124	616
9.149	546	9.174	595
9.199	571	9.225	570
9.251	589	9.275	542
9.301	598	9.326	512
9.352	602	9.377	477
9.402	596	9.428	446
9.453	584	9.478	417
9.504	564	9.529	392
9.555	535	9.579	373
9.605	505	9.631	360
9.656	471	9.681	353
9.706	434	9.732	354
9.758	399	9.782	362
9.808	366	9.833	376
9.859	337	9.883	395
9.909	314	9.935	421
9.960	298	9.986	448
10.010	290	10.036	477
10.062	290	10.087	505
10.112	297	10.137	535
10.163	314	10.189	560
10.213	337	10.239	582
10.264	366	10.290	598
10.315	400	10.340	608
10.366	436	10.391	614
10.416	473	10.442	610
10.467	509	10.493	600
10.517	544	10.543	586
10.569	572	10.594	566
10.619	595	10.644	542
10.670	610	10.696	517
10.720	616	10.746	491
10.771	613	10.797	463
10.821	603	10.847	439
10.873	584	10.898	416
10.923	556	10.948	399
10.974	523	11.000	386
11.024	487	11.050	376
11.075	449	11.101	376
11.126	410	11.151	381
11.177	373	11.202	390
11.227	339	11.253	403
11.278	313	11.304	423
11.328	292	11.354	446
11.380	281	11.405	469
11.430	278	11.455	494
11.481	282	11.507	517
11.531	296	11.557	539
11.582	318	11.608	558
11.632	347	11.658	571
11.684	382	11.709	582
11.734	420	11.759	587
11.785	460	11.811	587
11.835	499	11.861	582
11.886	536	11.912	572
11.937	569	11.962	558
11.988	596	12.013	540
12.038	614	12.064	521
12.089	624	12.115	499
12.139	625	12.165	478
12.191	617	12.216	457
12.241	599	12.266	439
12.292	574	12.318	423
12.342	542	12.368	412
12.393	505	12.419	405
12.443	465	12.469	401
12.495	424	12.520	402
12.545	384	12.570	408
12.596	347	12.622	418
12.646	316	12.672	433
12.697	291	12.723	447
12.748	276	12.773	465
12.799	269	12.824	485
12.849	272	12.875	503
12.900	282	12.926	520
12.950	303	12.976	537
13.002	331	13.027	548
13.052	364	13.077	557
13.103	403	13.129	562
13.153	444	13.179	563
13.204	486	13.230	561
13.254	526	13.280	554
13.306	562	13.331	545
13.356	592	13.381	533
13.407	616	13.433	519
13.457	629	13.483	504
13.508	633	13.534	488
13.559	626	13.584	472
13.610	613	13.635	458
13.661	591	13.686	446
13.711	559	13.737	435
13.762	522	13.787	430
13.813	481	13.838	426
13.864	438	13.888	427
13.914	397	13.940	430
13.965	359	13.990	435
14.015	323	14.041	444
14.067	295	14.091	455
14.117	275	14.142	466
14.168	266	14.192	479
14.218	264	14.244	492
14.269	272	14.294	505
14.319	288	14.345	515
14.371	315	14.395	524
14.421	348	14.446	532
14.472	386	14.497	537
14.522	428	14.548	538
14.573	471	14.598	537
14.624	512	14.649	535
14.675	551	14.699	529
14.725	585	14.751	522
14.776	611	14.801	514
14.826	629	14.852	504
14.878	636	14.902	494
14.928	635	14.953	484
14.979	624	15.003	475
15.029	603	15.055	467
15.080	574	15.105	460
15.130	538	15.156	455
15.182	498	15.206	452
15.232	455	15.257	451
15.283	413	15.308	453
15.333	372	15.359	456
15.384	334	15.409	460
15.435	303	15.460	465
15.486	278	15.510	472
15.536	265	15.562	479
15.587	261	15.612	485
15.637	266	15.663	492
15.689	280	15.713	499
15.739	303	15.764	502
15.790	334	15.814	508
15.840	371	15.866	511
15.891	411	15.916	511
15.941	454	15.967	513
15.993	496	16.017	513
16.043	538	16.068	510
16.094	574	16.119	507
16.144	603	16.170	503
16.195	626	16.220	500
16.246	636	16.271	495
16.297	637	16.321	491
16.347	630	16.373	488
16.398	612	16.423	484
16.448	586	16.474	481
16.500	552	16.524	479
16.550	513	16.575	478
16.601	471	16.625	477
16.651	428	16.677	477
16.702	387	16.728	478
16.752	348	16.778	479
16.804	314	16.829	480
16.854	287	16.879	481
16.905	269	16.931	484
16.955	262	16.981	483
17.006	264	17.032	485
17.057	274	17.082	486
17.108	294	17.133	487
17.158	322	17.184	487
17.209	357	17.235	487
17.259	396	17.285	488
17.311	439	17.336	487
17.361	481	17.386	488
17.412	523	17.438	489
17.462	560	17.488	489
17.513	591	17.539	490
17.563	616	17.589	490
17.615	630	17.640	492
17.665	636	17.690	493
17.716	632	17.742	494
17.766	618	17.792	496
17.817	595	17.843	497
17.868	564	17.893	498
17.919	528	17.944	498
17.969	487	17.995	499
18.020	445	18.046	499
18.070	403	18.096	498
18.122	363	18.147	497
18.172	328	18.197	495
18.223	299	18.249	493
18.273	279	18.299	490
18.324	267	18.350	485
18.374	266	18.400	483
18.426	273	18.451	479
18.476	289	18.501	477
18.527	314	18.553	473
18.577	345	18.603	471
18.628	382	18.654	469
18.679	423	18.704	470
18.730	465	18.755	470
18.780	506	18.806	472
18.831	545	18.857	474
18.881	577	18.907	478
18.933	604	18.958	483
18.983	622	19.008	487
19.034	629	19.060	493
19.084	629	19.110	499
19.135	620	19.161	504
19.185	600	19.211	509
19.237	571	19.262	513
19.287	540	19.312	516
19.338	500	19.364	517
19.388	460	19.414	517
19.439	418	19.465	516
19.490	379	19.515	513
19.541	343	19.566	510
19.591	313	19.617	504
19.642	289	19.668	497
19.692	275	19.718	491
19.744	271	19.769	482
19.794	274	19.819	475
19.845	287	19.871	467
19.895	308	19.921	462
19.946	337	19.972	457
19.997	371	20.022	453
20.048	409	20.073	452
20.098	449	20.123	452
20.149	491	20.175	455
20.199	528	20.225	460
20.250	561	20.276	464
20.301	590	20.326	472
20.352	610	20.377	481
20.402	622	20.428	490
20.453	624	20.479	500
20.503	618	20.529	509
20.555	602	20.580	518
20.605	578	20.630	525
20.656	549	20.682	531
20.706	513	20.732	534
20.757	473	20.783	534
20.808	435	20.833	534
20.859	396	20.884	530
20.909	359	20.934	524
20.960	329	20.986	516
21.010	303	21.036	506
21.061	287	21.087	496
21.112	280	21.137	485
21.163	279	21.188	473
21.214	289	21.239	462
21.264	306	21.290	452
21.315	330	21.340	445
21.366	361	21.391	439
21.417	397	21.441	435
21.467	435	21.493	435
21.518	473	21.543	437
21.568	512	21.594	442
21.620	545	21.644	451
21.670	574	21.695	460
21.721	596	21.745	472
21.771	610	21.797	485
21.822	616	21.847	498
21.872	613	21.898	511
21.924	601	21.948	524
21.974	581	21.999	534
22.025	555	22.050	543
22.075	521	22.101	548
22.126	487	22.151	551
22.177	450	22.202	551
22.228	412	22.252	547
22.278	377	22.304	540
22.329	346	22.354	531
22.379	320	22.405	518
22.431	301	22.455	504
22.481	290	22.506	490
22.532	288	22.557	474
22.582	293	22.608	460
22.633	307	22.658	446
22.683	328	22.709	435
22.735	355	22.759	427
22.785	387	22.810	421
22.836	422	22.861	417
22.886	459	22.912	422
22.937	494	22.962	426
22.988	528	23.013	435
23.039	557	23.063	446
23.089	580	23.115	461
23.140	596	23.165	475
23.190	603	23.216	493
23.242	605	23.266	511
23.292	596	23.317	526
23.343	580	23.368	541
23.393	559	23.419	552
23.444	530	23.469	559
23.494	497	23.520	565
23.546	462	23.570	566
23.596	427	23.621	563
23.647	394	23.672	556
23.697	363	23.723	545
23.748	336	23.773	531
23.799	315	23.824	515
23.850	304	23.874	497
23.900	300	23.926	479
23.951	301	23.976	460
24.001	311	24.027	444
24.053	328	24.077	429
24.103	351	24.128	418
24.154	380	24.179	409
24.204	412	24.230	404
24.255	445	24.281	406
24.305	479	24.331	410
24.357	511	24.382	420
24.407	540	24.432	433
24.458	563	24.484	449
24.508	580	24.534	467
24.559	590	24.585	488
24.610	593	24.635	506
24.661	589	24.686	526
24.711	576	24.737	544
24.762	557	24.788	561
24.812	534	24.838	570
24.864	506	24.889	577
24.914	473	24.939	580
24.965	441	24.991	578
25.015	409	25.041	572
25.066	380	25.092	560
25.117	354	25.142	546
25.168	333	25.193	528
25.218	320	25.243	507
25.269	312	25.295	485
25.319	312	25.345	464
25.370	319	25.396	444
25.421	332	25.446	426
25.472	351	25.497	411
25.522	376	25.548	399
25.573	404	25.599	394
25.623	434	25.649	392
25.675	465	25.700	396
25.725	495	25.750	405
25.776	521	25.802	418
25.826	546	25.852	435
25.877	562	25.903	457
25.928	575	25.953	477
25.979	579	26.004	500
26.029	578	26.054	523
26.080	569	26.106	543
26.130	553	26.156	563
26.181	534	26.207	576
26.232	509	26.257	586
26.283	482	26.308	592
26.333	453	26.359	591
26.384	424	26.410	586
26.434	396	26.460	575
26.486	372	26.511	560
26.536	352	26.561	540
26.587	338	26.613	518
26.637	327	26.663	494
26.688	325	26.714	470
26.739	329	26.764	447
26.790	340	26.815	426
26.840	354	26.865	407
26.891	375	26.917	394
26.941	399	26.967	385
26.992	425	27.018	381
27.043	453	27.068	383
27.094	480	27.119	391
27.144	505	27.170	404
27.195	527	27.221	422
27.245	544	27.271	443
27.297	557	27.322	466
27.347	564	27.372	492
27.398	565	27.424	518
27.448	559	27.474	542
27.499	546	27.525	563
27.550	531	27.575	580
27.601	512	27.626	593
27.651	487	27.677	601
27.702	463	27.728	602
27.752	436	27.778	598
27.803	411	27.829	588
27.854	389	27.879	573
27.905	370	27.930	554
27.956	354	27.981	531
28.006	345	28.032	505
28.057	340	28.082	478
28.108	341	28.133	453
28.159	349	28.183	427
28.209	360	28.235	408
28.260	377	28.285	390
28.310	396	28.336	378
28.362	419	28.386	372
28.412	443	28.437	372
28.463	467	28.488	379
28.513	489	28.539	391
28.564	511	28.589	408
28.614	527	28.640	430
28.666	539	28.690	455
28.716	549	28.741	482
28.767	550	28.792	511
28.817	547	28.843	536
28.868	539	28.893	561
28.919	526	28.944	581
28.970	510	28.994	596
29.020	491	29.046	607
29.071	469	29.096	610
29.121	447	29.147	608
29.173	425	29.197	600
29.223	405	29.248	585
29.274	387	29.299	566
29.324	373	29.350	542
29.375	363	29.400	516
29.425	357	29.451	487
29.477	357	29.501	458
29.527	360	29.552	433
29.578	369	29.603	409
29.628	382	29.654	389
29.679	398	29.704	374
29.730	415	29.755	367
29.781	435	29.805	365
29.831	456	29.857	369
29.882	475	29.907	379
29.932	493	29.958	395
29.984	508	30.008	416
30.034	521	30.059	443
30.085	529	30.110	470
30.135	534	30.161	500
30.186	532	30.211	528
30.237	527	30.262	556
30.288	518	30.312	579
30.338	505	30.363	597
30.389	489	30.414	611
30.439	473	30.465	617
30.490	455	30.515	617
30.541	436	30.566	610
30.592	417	30.616	597
30.642	403	30.668	578
30.693	390	30.718	555
30.743	380	30.769	528
30.795	375	30.819	500
30.845	373	30.870	469
30.896	374	30.921	440
30.946	380	30.972	414
30.997	390	31.023	392
31.048	401	31.073	375
31.099	415	31.124	363
31.149	432	31.174	359
31.200	448	31.226	361
31.250	464	31.276	369
31.301	479	31.327	384
31.352	492	31.377	406
31.403	503	31.428	431
31.453	511	31.479	459
31.504	516	31.530	490
31.554	516	31.580	519
31.606	513	31.631	548
31.656	508	31.681	574
31.707	498	31.733	595
31.757	487	31.783	610
31.808	474	31.834	619
31.859	459	31.884	622
31.910	444	31.935	617
31.960	431	31.985	606
32.011	418	32.037	589
32.061	407	32.087	566
32.112	400	32.138	539
32.163	392	32.188	510
32.214	390	32.239	480
32.264	390	32.290	450
32.315	393	32.341	421
32.365	400	32.391	396
32.417	408	32.442	377
32.467	418	32.492	364
32.518	431	32.544	356
32.568	443	32.594	356
32.619	454	32.645	362
32.670	466	32.695	375
32.721	477	32.746	396
32.771	486	32.797	420
32.822	493	32.848	449
32.872	497	32.898	477
32.923	499	32.949	509
32.974	498	32.999	539
33.025	494	33.050	566
33.075	488	33.101	589
33.126	481	33.152	608
33.176	471	33.202	619
33.228	461	33.253	624
33.278	451	33.303	622
33.329	440	33.355	614
33.379	431	33.405	597
33.430	421	33.456	576
33.481	415	33.506	550
33.532	410	33.557	523
33.582	407	33.608	491
33.633	407	33.659	460
33.683	407	33.709	430
33.734	412	33.760	404
33.785	416	33.810	382
33.836	424	33.861	367
33.886	431	33.912	357
33.937	440	33.963	353
33.987	448	34.013	359
34.039	457	34.064	370
34.089	464	34.114	387
34.140	470	34.166	410
34.190	476	34.216	437
34.241	480	34.267	465
34.292	482	34.317	498
34.343	482	34.368	528
34.393	480	34.419	557
34.444	477	34.470	581
34.494	472	34.520	602
34.545	467	34.571	615
34.596	461	34.621	623
34.647	454	34.672	624
34.697	447	34.723	615
34.748	441	34.774	603
34.798	435	34.824	584
34.850	430	34.875	559
34.900	427	34.925	533
34.951	425	34.977	502
35.001	424	35.027	471
35.052	425	35.078	441
35.103	426	35.128	413
35.154	428	35.179	390
35.204	433	35.230	372
35.255	436	35.281	360
35.305	440	35.331	355
35.357	445	35.382	356
35.407	450	35.432	366
35.458	454	35.483	381
35.508	458	35.534	400
35.559	461	35.585	427
35.609	463	35.635	456
35.661	465	35.686	486
35.711	464	35.736	517
35.762	465	35.788	547
35.812	463	35.838	573
35.863	461	35.889	595
35.914	459	35.939	610
35.965	457	35.990	618
36.015	454	36.041	624
36.066	451	36.092	618
36.116	449	36.142	608
36.168	446	36.193	591
36.218	444	36.243	568
36.269	445	36.294	543
36.319	441	36.345	513
36.370	441	36.396	483
36.420	441	36.446	451
36.472	441	36.497	424
36.522	441	36.547	400
36.573	442	36.599	380
36.623	442	36.649	367
36.674	444	36.700	359
36.725	444	36.750	357
36.776	445	36.801	364
36.826	446	36.852	377
36.877	447	36.903	395
36.927	447	36.953	417
36.979	448	37.004	446
37.029	448	37.054	475
37.080	448	37.105	505
37.130	449	37.156	535
37.181	450	37.207	562
37.231	449	37.257	584
37.283	450	37.308	603
37.333	451	37.358	613
37.384	452	37.410	619
37.434	452	37.460	617
37.485	453	37.511	609
37.536	454	37.561	594
37.587	455	37.612	575
37.637	456	37.663	550
37.688	456	37.714	523
37.738	457	37.764	492
37.790	456	37.815	464
37.840	455	37.865	436
37.891	455	37.917	411
37.941	452	37.967	390
37.992	451	38.018	375
38.042	449	38.068	363
38.094	446	38.119	361
38.144	443	38.169	367
38.195	441	38.221	376
38.245	438	38.271	392
38.296	436	38.322	413
38.347	434	38.372	438
38.398	434	38.423	466
38.448	433	38.474	495
38.499	434	38.525	523
38.549	436	38.575	550
38.601	437	38.626	573
38.651	440	38.676	591
38.702	444	38.728	605
38.752	447	38.778	612
38.803	452	38.829	613
38.853	455	38.879	608
38.905	460	38.930	596
38.955	464	38.980	578
39.006	466	39.032	556
39.056	469	39.082	531
39.107	471	39.133	504
39.158	470	39.183	475
39.209	468	39.234	447
39.259	468	39.285	422
39.310	464	39.336	401
39.360	460	39.386	384
39.412	455	39.437	374
39.462	449	39.487	369
39.513	444	39.539	369
39.563	438	39.589	378
39.614	433	39.640	391
39.664	427	39.690	409
39.716	423	39.741	430
39.766	421	39.791	458
39.817	419	39.843	485
39.867	419	39.893	512
39.918	421	39.944	538
39.969	424	39.994	561
40.020	429	40.045	580
40.070	435	40.096	594
40.121	442	40.147	604
40.171	448	40.197	606
40.223	456	40.248	604
40.273	464	40.298	593
40.324	470	40.350	579
40.374	474	40.400	560
40.425	480	40.451	537
40.475	481	40.501	512
40.527	484	40.552	484
40.578	483	40.602	459
40.628	481	40.654	435
40.679	477	40.704	414
40.729	471	40.755	396
40.781	463	40.805	384
40.831	455	40.856	377
40.882	446	40.907	376
40.932	437	40.958	381
40.983	428	41.008	392
41.034	421	41.059	408
41.085	415	41.109	427
41.135	410	41.161	450
41.186	408	41.211	475
41.236	407	41.262	501
41.288	409	41.312	525
41.338	412	41.363	548
41.389	417	41.413	567
41.439	425	41.465	583
41.490	434	41.515	593
41.540	444	41.566	598
41.592	454	41.616	596
41.642	465	41.667	590
41.693	476	41.718	579
41.743	482	41.769	562
41.794	489	41.819	541
41.845	494	41.870	521
41.896	496	41.920	494
41.946	496	41.972	470
41.997	494	42.022	447
42.047	488	42.073	427
42.099	481	42.123	409
42.149	473	42.174	396
42.200	462	42.224	388
42.250	450	42.276	386
42.301	439	42.326	388
42.351	427	42.377	396
42.403	417	42.427	409
42.453	409	42.478	426
42.504	401	42.529	446
42.554	396	42.580	468
42.605	395	42.630	491
42.656	397	42.681	514
42.707	399	42.731	537
42.757	406	42.783	554
42.808	415	42.833	571
42.858	425	42.884	580
42.910	437	42.934	587
42.960	450	42.985	588
43.011	463	43.035	584
43.061	475	43.087	574
43.112	486	43.137	561
43.162	496	43.188	544
43.214	502	43.238	524
43.264	507	43.289	502
43.315	508	43.340	480
43.365	506	43.391	459
43.416	501	43.441	437
43.467	493	43.492	422
43.518	482	43.543	409
43.568	470	43.594	400
43.619	457	43.645	396
43.669	443	43.695	396
43.721	429	43.746	402
43.771	415	43.796	413
43.822	404	43.848	427
43.872	393	43.898	443
43.923	388	43.949	462
43.973	385	43.999	484
44.025	385	44.050	505
44.075	387	44.100	524
44.126	394	44.152	542
44.176	403	44.202	557
44.227	416	44.253	568
44.278	430	44.303	575
44.329	445	44.354	577
44.379	460	44.405	575
44.430	473	44.456	568
44.480	488	44.506	557
44.532	499	44.557	543
44.582	509	44.607	527
44.633	515	44.659	507
44.683	518	44.709	488
44.734	517	44.760	468
44.784	512	44.810	451
44.836	503	44.861	435
44.886	493	44.911	423
44.937	479	44.963	413
44.987	464	45.013	407
45.038	448	45.064	407
45.089	432	45.114	411
45.140	416	45.165	418
45.190	402	45.216	429
45.241	391	45.267	444
45.291	382	45.317	460
45.343	377	45.368	478
45.393	376	45.418	494
45.444	378	45.470	514
45.494	384	45.520	529
45.545	393	45.571	544
45.595	407	45.621	554
45.647	420	45.672	561
45.697	437	45.722	565
45.748	455	45.774	564
45.798	472	45.824	560
45.849	487	45.875	549
45.900	501	45.925	541
45.951	513	45.976	527
46.001	521	46.027	511
46.052	526	46.078	494
46.102	525	46.128	478
46.154	522	46.179	462
46.204	515	46.229	448
46.255	503	46.281	436
46.305	489	46.331	427
46.356	473	46.382	422
46.406	454	46.432	420
46.458	437	46.483	421
46.508	419	46.533	427
46.559	403	46.585	435
46.609	390	46.635	447
46.660	379	46.686	460
46.711	371	46.736	474
46.762	368	46.787	489
46.813	370	46.838	504
46.863	375	46.889	518
46.914	384	46.939	530
46.965	397	46.990	540
47.016	413	47.040	547
47.066	429	47.092	552
47.117	449	47.142	553
47.167	467	47.193	551
47.219	485	47.243	544
47.269	500	47.294	535
47.320	515	47.344	524
47.370	525	47.396	512
47.421	531	47.446	498
47.471	533	47.497	485
47.523	530	47.547	471
47.573	524	47.598	460
47.624	512	47.649	450
47.674	498	47.700	441
47.725	480	47.750	436
47.776	462	47.801	433
47.827	443	47.851	434
47.877	423	47.903	436
47.928	406	47.953	443
47.978	390	48.004	451
48.030	377	48.054	461
48.080	370	48.105	472
48.131	363	48.155	484
48.181	362	48.207	496
48.232	367	48.257	508
48.282	375	48.308	518
48.334	387	48.358	526
48.384	403	48.409	533
48.435	422	48.460	537
48.485	441	48.511	538
48.536	461	48.561	537
48.587	480	48.612	534
48.638	499	48.662	527
48.688	514	48.714	520
48.739	526	48.764	510
48.789	534	48.815	501
48.841	537	48.865	491
48.891	536	48.916	480
48.942	530	48.966	470
48.992	520	49.018	462
49.043	507	49.068	455
49.093	489	49.119	449
49.145	469	49.169	447
49.195	450	49.220	447
49.246	429	49.271	448
49.296	410	49.322	453
49.347	392	49.372	459
49.398	378	49.423	466
49.449	366	49.473	473
49.499	360	49.525	482
49.550	358	49.575	491
49.600	361	49.626	499
49.652	368	49.676	507
49.702	380	49.727	513
49.753	395	49.777	519
49.803	414	49.829	523
49.854	434	49.880	525
49.904	454	49.930	524
49.956	475	49.981	521
50.006	494	50.031	518
50.057	511	50.083	513
50.107	526	50.133	507
50.158	535	50.184	500
50.209	541	50.234	492
50.260	541	50.285	486
50.310	537	50.336	479
50.361	527	50.387	473
50.411	515	50.437	468
50.463	497	50.488	462
50.513	478	50.538	462
50.564	456	50.590	461
50.614	436	50.640	460
50.665	415	50.691	463
50.715	396	50.741	468
50.767	381	50.792	471
50.817	368	50.842	476
50.868	360	50.894	482
50.918	355	50.944	488
50.969	357	50.995	493
51.020	363	51.045	498
51.071	373	51.096	503
51.121	388	51.147	507
51.172	406	51.198	508
51.222	426	51.248	509
51.274	447	51.299	509
51.324	468	51.349	509
51.375	489	51.401	506
51.425	506	51.451	504
51.476	522	51.502	500
51.526	533	51.552	497
51.578	541	51.603	493
51.628	543	51.653	489
51.679	539	51.705	485
51.729	532	51.755	482
51.780	520	51.806	479
51.831	505	51.856	478
51.882	485	51.907	476
51.932	465	51.958	475
51.983	444	52.009	476
52.033	422	52.059	477
52.085	403	52.110	477
52.135	385	52.160	480
52.186	371	52.212	481
52.236	361	52.262	483
52.287	356	52.313	487
52.337	355	52.363	489
52.389	360	52.414	491
52.439	369	52.464	493
52.490	382	52.516	493
52.540	399	52.566	495
52.591	418	52.617	496
52.642	439	52.667	496
52.693	460	52.718	497
52.743	482	52.769	495
52.794	501	52.820	495
52.844	517	52.870	494
52.896	530	52.921	492
52.946	538	52.971	491
52.997	542	53.023	490
53.047	542	53.073	490
53.098	535	53.124	489
53.149	525	53.174	489
53.200	510	53.225	489
53.250	492	53.275	488
53.301	473	53.327	489
53.351	451	53.377	488
53.402	430	53.428	489
53.453	408	53.478	489
53.504	392	53.529	489
53.554	376	53.580	490
53.605	363	53.631	489
53.655	358	53.681	489
53.707	356	53.732	487
53.757	359	53.782	487
53.808	366	53.834	486
53.858	378	53.884	486
53.909	394	53.935	485
53.960	412	53.985	485
54.011	432	54.036	485
54.061	454	54.086	485
54.112	474	54.138	485
54.162	494	54.188	486
54.213	510	54.239	487
54.264	525	54.289	488
54.315	536	54.340	489
54.366	540	54.391	491
54.416	541	54.442	492
54.467	536	54.492	494
54.518	528	54.543	495
54.569	514	54.593	496
54.619	497	54.645	496
54.670	477	54.695	497
54.720	458	54.746	498
54.772	437	54.796	497
54.822	417	54.847	496
54.873	399	54.897	495
54.923	382	54.949	493
54.974	371	54.999	491
55.024	362	55.050	489
55.076	359	55.100	487
55.126	360	55.151	485
55.177	365	55.202	482
55.227	375	55.253	479
55.278	389	55.303	478
55.329	406	55.354	476
55.380	426	55.404	477
55.430	447	55.456	476
55.481	466	55.506	478
55.531	486	55.557	480
55.583	504	55.607	480
55.633	518	55.658	483
55.684	529	55.709	487
55.734	537	55.760	489
55.785	539	55.810	492
55.835	535	55.861	496
55.887	528	55.911	498
55.937	517	55.962	501
55.988	502	56.013	503
56.038	486	56.064	504
56.089	465	56.114	505
56.140	444	56.165	504
56.191	425	56.215	503
56.241	406	56.267	501
56.292	391	56.317	498
56.342	376	56.368	495
56.394	367	56.418	491
56.444	362	56.469	487
56.495	362	56.520	484
56.545	366	56.571	479
56.596	374	56.621	476
56.646	387	56.672	474
56.698	403	56.722	471
56.748	421	56.773	470
56.799	439	56.824	470
56.849	459	56.875	471
56.900	479	56.925	473
56.951	496	56.976	475
57.002	511	57.026	478
57.052	523	57.078	483
57.103	531	57.128	487
57.153	535	57.179	493
57.205	534	57.229	497
57.255	528	57.280	502
57.306	519	57.331	506
57.356	506	57.382	508
57.407	490	57.433	510
57.457	471	57.483	512
57.509	452	57.534	511
57.559	431	57.584	510
57.610	414	57.636	507
57.660	398	57.686	504
57.711	384	57.737	499
57.762	374	57.787	494
57.813	367	57.838	489
57.863	365	57.889	483
57.914	368	57.940	478
57.964	374	57.990	473
58.016	385	58.041	469
58.066	398	58.091	465
58.117	415	58.143	463
58.167	431	58.193	463
58.218	452	58.244	465
58.269	470	58.294	466
58.320	488	58.345	469
58.370	504	58.395	471
58.421	516	58.447	479
58.471	525	58.497	485
58.522	529	58.548	491
58.573	529	58.598	497
58.624	527	58.649	503
58.674	519	58.700	508
58.725	508	58.751	513
58.775	493	58.801	516
58.827	476	58.852	518
58.877	458	58.902	518
58.928	438	58.954	517
58.978	422	59.004	514
59.029	406	59.055	510
59.080	391	59.105	506
59.131	381	59.156	498
59.181	373	59.206	491
59.232	371	59.258	485
59.282	370	59.308	479
59.333	376	59.359	472
59.384	384	59.409	466
59.435	396	59.460	462
59.485	411	59.511	459
59.536	428	59.562	456
59.586	445	59.612	457
59.638	463	59.663	458
59.688	480	59.713	463
59.739	495	59.765	469
59.789	508	59.815	473
59.840	518	59.866	481
59.891	524	59.916	488
59.942	526	59.967	495
59.992	523	60.017	504
60.043	517	60.069	510
60.093	508	60.119	516
60.144	496	60.170	520
60.195	480	60.220	523
60.246	464	60.271	525
60.296	447	60.322	523
60.347	429	60.373	521
60.397	414	60.423	516
60.449	399	60.474	510
60.499	389	60.524	504
60.550	381	60.576	495
60.600	376	60.626	487
60.651	375	60.677	479
60.702	378	60.727	472
60.753	385	60.778	464
60.803	394	60.829	458
60.854	409	60.880	454
60.904	423	60.930	452
60.955	440	60.981	451
61.006	456	61.031	452
61.057	472	61.082	457
61.108	488	61.133	462
61.158	499	61.184	469
61.209	510	61.234	477
61.260	517	61.285	486
61.311	520	61.335	494
61.361	518	61.387	503
61.412	515	61.437	511
61.462	506	61.488	517
61.514	497	61.538	524
61.564	483	61.589	527
61.615	468	61.640	529
61.665	452	61.691	529
61.716	437	61.741	526
61.766	422	61.792	522
61.818	408	61.842	515
61.868	396	61.893	508
61.919	388	61.944	499
61.969	383	61.995	490
62.020	381	62.045	481
62.071	383	62.096	472
62.122	389	62.146	464
62.172	397	62.198	458
62.223	407	62.248	451
62.273	420	62.299	448
62.325	435	62.349	446
62.375	450	62.400	445
62.426	465	62.451	451
62.476	479	62.502	458
62.527	492	62.552	464
62.577	502	62.603	473
62.629	509	62.653	481
62.679	513	62.704	489
62.730	512	62.755	500
62.780	511	62.806	510
62.831	505	62.856	518
62.882	496	62.907	525
62.933	485	62.957	530
62.983	471	63.009	533
63.034	458	63.059	533
63.084	443	63.110	531
63.136	429	63.160	527
63.186	415	63.211	520
63.237	406	63.262	513
63.287	397	63.313	504
63.338	390	63.363	494
63.389	387	63.414	484
63.440	387	63.464	474
63.490	392	63.515	464
63.541	397	63.566	456
63.591	407	63.617	448
63.642	419	63.667	445
63.693	431	63.718	443
63.744	445	63.768	444
63.794	460	63.820	446
63.845	471	63.870	451
63.895	484	63.921	458
63.947	493	63.971	467
63.997	500	64.022	477
64.048	506	64.073	487
64.098	507	64.124	498
64.149	506	64.175	508
64.200	502	64.225	518
64.251	494	64.276	527
64.301	485	64.326	531
64.352	474	64.378	536
64.402	461	64.428	537
64.453	449	64.479	536
64.504	435	64.529	532
64.555	423	64.580	526
64.605	413	64.631	518
64.656	404	64.682	509
64.706	399	64.732	498
64.758	395	64.783	488
64.808	394	64.833	476
64.859	397	64.885	466
64.909	401	64.935	456
64.960	409	64.986	449
65.011	418	65.036	445
65.062	429	65.087	440
65.112	441	65.137	440
65.163	453	65.189	442
65.213	464	65.239	446
65.264	476	65.290	453
65.315	485	65.340	462
65.366	492	65.391	472
65.416	498	65.442	482
65.467	500	65.493	495
65.517	500	65.543	504
65.569	497	65.594	515
65.619	492	65.644	525
65.670	483	65.696	533
65.720	475	65.746	537
65.771	465	65.797	539
65.822	453	65.847	539
65.873	441	65.898	536
65.923	431	65.949	531
65.974	421	66.000	523
66.024	411	66.050	514
66.075	406	66.101	502
66.126	403	66.151	492
66.177	401	66.202	479
66.227	402	66.253	468
66.278	405	66.304	456
66.328	411	66.354	449
66.380	419	66.405	443
66.430	428	66.455	438
66.481	439	66.507	437
66.531	448	66.557	439
66.582	460	66.608	442
66.633	468	66.658	448
66.684	477	66.709	457
66.734	483	66.760	467
66.785	490	66.811	478
66.835	493	66.861	490
66.886	493	66.912	502
66.937	491	66.962	513
66.988	488	67.013	523
67.038	482	67.064	531
67.089	474	67.115	537
67.139	466	67.165	541
67.191	456	67.216	541
67.241	447	67.266	539
67.292	436	67.318	534
67.342	428	67.368	528
67.393	421	67.419	519
67.444	415	67.469	507
67.495	411	67.520	496
67.545	409	67.571	484
67.596	408	67.622	472
67.646	410	67.672	461
67.697	415	67.723	452
67.748	420	67.773	444
67.799	428	67.824	439
67.849	437	67.875	436
67.900	446	67.926	436
67.950	454	67.976	439
68.002	461	68.027	445
68.052	470	68.077	453
68.103	476	68.129	462
68.153	480	68.179	473
68.204	485	68.230	486
68.255	486	68.280	496
68.306	485	68.331	508
68.356	483	68.382	520
68.407	479	68.433	530
68.457	473	68.483	536
68.509	465	68.534	541
68.559	459	68.584	542
68.610	450	68.635	541
68.660	443	68.686	537
68.711	434	68.737	531
68.761	428	68.787	523
68.813	422	68.838	512
68.863	419	68.888	501
68.914	417	68.940	488
68.964	415	68.990	477
69.015	417	69.041	464
69.066	420	69.091	454
69.117	424	69.142	446
69.167	430	69.193	440
69.218	436	69.244	436
69.268	443	69.294	435
69.320	450	69.345	437
69.370	457	69.395	442
69.421	464	69.446	449
69.471	468	69.497	458
69.522	473	69.548	469
69.572	477	69.598	481
69.624	480	69.649	493
69.674	477	69.699	506
69.725	477	69.751	517
69.775	474	69.801	527
69.826	469	69.852	534
69.877	466	69.902	539
69.928	459	69.953	542
69.978	453	70.004	542
70.029	447	70.055	539
70.079	440	70.105	533
70.131	435	70.156	526
70.181	430	70.206	516
70.232	427	70.257	504
70.282	424	70.308	492
70.333	424	70.359	480
70.383	423	70.409	468
70.435	425	70.460	458
70.485	428	70.510	449
70.536	431	70.562	441
70.586	436	70.612	438
70.637	442	70.663	434
70.688	448	70.713	437
70.739	453	70.764	440
70.789	458	70.815	447
70.840	462	70.866	455
70.890	467	70.916	465
70.942	470	70.967	477
70.992	472	71.017	489
71.043	471	71.069	501
71.093	470	71.119	513
71.144	469	71.170	523
71.194	466	71.220	531
71.246	462	71.271	538
71.296	459	71.321	542
71.347	455	71.373	542
71.397	449	71.423	540
71.448	444	71.474	536
71.499	440	71.524	528
71.550	438	71.575	517
71.600	433	71.626	508
71.651	433	71.677	496
71.701	431	71.727	484
71.753	432	71.778	473
71.803	431	71.828	462
71.854	433	71.880	452
71.904	435	71.930	445
71.955	438	71.981	440
72.005	441	72.031	437
72.057	446	72.082	436
72.107	450	72.132	439
72.158	453	72.184	445
72.208	456	72.234	453
72.259	459	72.285	462
72.310	462	72.335	474
72.361	463	72.386	485
72.411	464	72.437	497
72.462	464	72.488	509
72.512	463	72.538	519
72.564	462	72.589	528
72.614	460	72.639	533
72.665	457	72.691	538
72.715	454	72.741	540
72.766	450	72.792	539
72.816	448	72.842	537
72.868	445	72.893	529
72.918	444	72.943	521
72.969	441	72.995	511
73.019	437	73.045	500
73.070	438	73.096	488
73.122	437	73.146	477
73.172	437	73.197	467
73.223	438	73.248	455
73.273	440	73.299	448
73.324	441	73.349	443
73.375	443	73.400	439
73.426	445	73.450	439
73.476	448	73.502	440
73.527	450	73.552	445
73.577	452	73.603	452
73.629	454	73.653	460
73.679	455	73.704	470
73.730	456	73.754	481
73.780	457	73.806	493
73.831	458	73.856	504
73.881	457	73.907	514
73.933	457	73.957	523
73.983	456	74.008	530
74.034	455	74.059	535
74.084	453	74.110	538
74.135	452	74.160	537
74.186	450	74.211	534
74.237	449	74.261	530
74.287	446	74.313	522
74.338	445	74.363	513
74.388	446	74.414	503
74.440	444	74.464	492
74.490	444	74.515	481
74.541	444	74.565	470
74.591	444	74.617	461
74.642	445	74.667	453
74.692	445	74.718	447
74.744	445	74.768	443
74.794	446	74.819	441
74.845	447	74.870	442
74.895	446	74.921	445
74.946	449	74.971	451
74.997	449	75.022	459
75.048	449	75.072	468
75.098	451	75.124	478
75.149	451	75.174	490
75.199	451	75.225	500
75.251	451	75.275	509
75.301	451	75.326	518
75.352	452	75.376	526
75.402	451	75.428	531
75.453	450	75.478	533
75.503	451	75.529	535
75.555	451	75.579	533
75.605	451	75.630	529
75.656	452	75.681	523
75.706	451	75.732	515
75.757	451	75.782	506
75.808	450	75.833	497
75.859	450	75.883	485
75.909	449	75.935	474
75.960	449	75.985	466
76.010	449	76.036	457
76.062	449	76.086	451
76.112	448	76.137	447
76.163	446	76.187	444
76.213	447	76.239	445
76.264	447	76.290	447
76.314	446	76.340	452
76.366	447	76.391	458
76.416	446	76.441	466
76.467	447	76.493	476
76.517	446	76.543	486
76.568	446	76.594	495
76.619	446	76.644	505
76.670	447	76.695	514
76.720	448	76.746	521
76.771	448	76.797	525
76.821	450	76.847	530
76.873	450	76.898	531
76.923	451	76.948	530
76.974	452	77.000	527
77.024	454	77.050	522
77.075	454	77.101	515
77.125	454	77.151	506
77.177	454	77.202	498
77.227	455	77.252	488
77.278	454	77.304	478
77.328	453	77.354	470
77.379	453	77.405	462
77.430	451	77.455	455
77.481	451	77.506	451
77.531	449	77.557	448
77.582	448	77.608	448
77.632	448	77.658	450
77.684	445	77.709	454
77.734	443	77.759	460
77.785	442	77.811	465
77.835	442	77.861	474
77.886	442	77.912	483
77.936	442	77.962	492
77.988	442	78.013	501
78.038	444	78.063	510
78.089	445	78.115	516
78.139	446	78.165	521
78.190	448	78.216	525
78.241	450	78.266	527
78.292	451	78.317	527
78.342	453	78.368	524
78.393	453	78.419	522
78.443	457	78.469	515
78.495	457	78.520	507
78.545	458	78.570	499
78.596	458	78.622	491
78.646	458	78.672	482
78.697	458	78.723	475
78.747	456	78.773	467
78.799	455	78.824	461
78.849	453	78.874	456
78.900	452	78.926	453
78.950	448	78.976	453
79.001	446	79.027	453
79.052	444	79.077	456
79.103	441	79.128	460
79.153	440	79.179	466
79.204	439	79.230	473
79.254	438	79.280	481
79.306	438	79.331	488
79.356	439	79.381	497
79.407	439	79.433	504
79.457	441	79.483	511
79.508	443	79.534	516
79.558	445	79.584	520
79.610	447	79.635	522
79.660	452	79.685	522
79.711	453	79.737	521
79.761	456	79.787	518
79.812	459	79.838	513
79.863	461	79.888	507
79.914	461	79.939	501
79.965	462	79.990	493
80.015	462	80.041	486
80.066	461	80.091	479
80.117	460	80.142	472
80.168	458	80.192	466
80.218	455	80.244	462
80.269	452	80.294	459
80.319	450	80.345	456
80.371	446	80.395	458
80.421	443	80.446	460
80.472	441	80.496	463
80.522	438	80.548	468
80.573	436	80.598	473
80.623	435	80.649	480
80.675	434	80.699	486
80.725	435	80.750	492
80.776	437	80.801	500
80.826	438	80.852	507
80.877	441	80.902	511
80.928	442	80.953	514
80.979	446	81.003	517
81.029	450	81.055	518
81.080	453	81.105	516
81.130	458	81.156	516
81.182	459	81.206	510
81.232	462	81.257	506
81.283	464	81.307	500
81.333	465	81.359	494
81.384	464	81.409	488
81.434	464	81.460	482
81.486	464	81.510	476
81.536	461	81.561	471
81.587	458	81.612	467
81.637	455	81.663	464
81.688	453	81.713	463
81.739	447	81.764	462
81.790	444	81.814	463
81.840	440	81.866	466
81.891	438	81.916	470
81.941	435	81.967	474
81.993	433	82.017	480
82.043	431	82.068	484
82.094	432	82.118	491
82.144	434	82.170	496
82.195	435	82.220	500
82.245	438	82.271	506
82.297	441	82.321	507
82.347	443	82.372	511
82.398	448	82.423	512
82.448	452	82.474	511
82.499	457	82.524	510
82.550	460	82.575	507
82.601	463	82.625	503
82.651	465	82.677	499
82.702	465	82.727	495
82.752	467	82.778	490
82.804	466	82.828	485
82.854	466	82.879	480
82.905	463	82.929	476
82.955	461	82.981	472
83.006	457	83.032	470
83.056	453	83.082	468
83.108	449	83.133	466
83.158	445	83.183	468
83.209	441	83.235	470
83.259	437	83.285	473
83.310	434	83.336	476
83.361	432	83.386	480
83.412	431	83.437	484
83.462	430	83.488	489
83.513	431	83.539	495
83.563	432	83.589	497
83.615	436	83.640	501
83.665	439	83.690	503
83.716	442	83.742	505
83.766	447	83.792	507
83.817	451	83.843	507
83.867	456	83.893	505
83.919	459	83.944	504
83.969	463	83.994	501
84.020	466	84.046	498
84.070	467	84.096	495
84.121	469	84.147	491
84.172	469	84.197	486
84.223	468	84.248	483
84.273	466	84.299	480
84.324	463	84.350	477
84.374	459	84.400	475
84.426	455	84.451	473
84.476	450	84.501	473
84.527	446	84.553	474
84.577	441	84.603	473
84.628	437	84.654	477
84.678	434	84.704	479
84.730	432	84.755	481
84.780	429	84.805	485
84.831	429	84.857	488
84.881	430	84.907	491
84.932	431	84.958	494
84.983	433	85.008	497
85.034	437	85.059	498
85.084	441	85.110	500
85.135	445	85.161	501
85.185	450	85.211	502
85.237	454	85.262	500
85.287	458	85.312	499
85.338	463	85.364	497
85.388	466	85.414	496
85.439	467	85.465	494
85.489	469	85.515	491
85.541	469	85.566	488
85.591	469	85.616	485
85.642	466	85.668	481
85.692	464	85.718	482
85.743	461	85.769	480
85.794	456	85.819	479
85.845	452	85.870	480
85.895	448	85.921	479
85.946	443	85.972	480
85.996	439	86.022	481
86.048	435	86.073	482
86.098	431	86.123	484
86.149	430	86.175	485
86.199	429	86.225	487
86.250	429	86.276	490
86.301	430	86.326	492
86.352	433	86.377	493
86.402	435	86.427	494
86.453	439	86.479	494
86.503	444	86.529	495
86.554	449	86.580	495
86.605	453	86.630	495
86.656	457	86.681	495
86.706	462	86.732	493
86.757	466	86.783	492
86.807	466	86.833	491
86.859	469	86.884	490
86.909	470	86.934	488
86.960	470	86.986	487
87.010	468	87.036	486
87.061	465	87.087	485
87.112	462	87.137	484
87.163	458	87.188	484
87.213	453	87.238	484
87.264	449	87.290	484
87.314	445	87.340	485
87.365	440	87.391	485
87.416	436	87.441	486
87.467	432	87.492	487
87.518	430	87.543	488
87.568	429	87.594	489
87.619	429	87.644	490
87.670	430	87.695	490
87.721	432	87.745	490
87.771	433	87.797	488
87.822	438	87.847	491
87.872	442	87.898	490
87.924	447	87.948	490
87.974	452	87.999	490
88.025	456	88.049	490
88.075	460	88.101	489
88.126	464	88.151	489
88.176	467	88.202	489
88.228	468	88.252	488
88.278	470	88.303	488
88.329	469	88.354	488
88.379	468	88.405	489
88.430	466	88.455	488
88.481	461	88.506	488
88.532	457	88.556	490
88.582	454	88.608	489
88.633	450	88.658	489
88.683	445	88.709	489
88.735	441	88.759	490
88.785	437	88.810	489
88.836	434	88.861	490
88.886	431	88.912	487
88.937	431	88.962	489
88.987	430	89.013	489
89.039	431	89.063	485
89.089	431	89.114	488
89.140	434	89.165	488
89.190	438	89.216	488
89.241	442	89.266	487
89.292	446	89.317	487
89.343	450	89.367	488
89.393	454	89.419	487
89.444	459	89.469	488
89.494	462	89.520	488
89.546	465	89.570	489
89.596	467	89.621	489
89.647	468	89.672	489
89.697	469	89.723	489
89.748	467	89.773	490
89.798	466	89.824	489
89.850	463	89.874	489
89.900	460	89.925	490
89.951	456	89.976	489
90.001	451	90.027	489
90.052	447	90.077	489
90.103	444	90.128	490
90.154	438	90.178	488
90.204	435	90.230	488
90.255	432	90.280	490
90.305	431	90.331	487
90.357	430	90.381	488
90.407	431	90.432	488
90.458	432	90.483	487
90.508	434	90.534	487
90.559	437	90.585	487
90.609	440	90.635	487
90.661	445	90.686	487
90.711	449	90.736	488
90.762	453	90.788	488
90.812	457	90.838	488
90.863	461	90.889	489
90.914	464	90.939	488
90.965	466	90.990	489
91.015	467	91.041	490
91.066	467	91.092	489
91.116	467	91.142	490
91.168	465	91.193	490
91.218	463	91.243	490
91.269	459	91.295	490
91.319	457	91.345	489
91.370	453	91.396	489
91.421	448	91.446	489
91.472	446	91.497	488
91.522	440	91.547	489
91.573	437	91.599	488
91.623	434	91.649	488
91.674	434	91.700	488
91.725	432	91.750	487
91.776	431	91.801	487
91.826	433	91.852	488
91.877	434	91.903	487
91.927	437	91.953	487
91.979	440	92.004	487
92.029	443	92.054	488
92.080	448	92.106	488
92.130	451	92.156	488
92.181	456	92.207	488
92.232	459	92.257	488
92.283	462	92.308	488
92.333	465	92.358	490
92.384	466	92.410	489
92.434	467	92.460	489
92.485	467	92.511	490
92.536	465	92.561	489
92.587	463	92.612	489
92.637	460	92.663	489
92.688	458	92.714	490
92.738	452	92.764	489
92.790	449	92.815	489
92.840	445	92.865	488
92.891	442	92.917	488
92.941	438	92.967	488
92.992	436	93.018	488
93.043	434	93.068	487
93.094	433	93.119	488
93.144	432	93.169	488
93.195	432	93.221	488
93.245	435	93.271	488
93.296	436	93.322	487
93.347	440	93.372	488
93.398	443	93.423	488
93.448	447	93.474	487
93.499	451	93.525	487
93.549	454	93.575	488
93.601	458	93.626	487
93.651	461	93.676	489
93.702	463	93.728	488
93.752	466	93.778	489
93.803	467	93.829	489
93.854	466	93.879	490
93.905	465	93.930	489
93.955	463	93.981	489
94.006	461	94.032	489
94.056	458	94.082	489
94.107	454	94.133	489
94.158	450	94.183	489
94.209	447	94.234	489
94.260	443	94.285	489
94.310	441	94.336	488
94.361	438	94.386	488
94.412	436	94.437	488
94.463	434	94.487	489
94.513	433	94.539	488
94.564	432	94.589	486
94.614	435	94.640	487
94.666	437	94.690	487
94.716	440	94.741	487
94.767	442	94.792	488
94.817	446	94.843	487
94.868	450	94.893	488
94.918	453	94.944	488
94.970	456	94.994	488
95.020	460	95.045	489
95.071	463	95.096	488
95.121	464	95.147	489
95.172	465	95.197	488
95.223	465	95.248	489
95.274	465	95.298	489
95.324	462	95.350	489
95.375	461	95.400	489
95.425	458	95.451	489
95.477	455	95.501	489
95.527	451	95.552	489
95.578	448	95.603	488
95.628	445	95.654	488
95.679	441	95.704	488
95.729	437	95.755	488
95.781	435	95.805	488
95.831	435	95.856	488
95.882	434	95.907	488
95.932	434	95.958	488
95.983	436	96.008	489
96.034	436	96.059	487
96.085	439	96.109	487
96.135	442	96.161	488
96.186	445	96.211	487
96.236	448	96.262	488
96.288	452	96.312	489
96.338	456	96.363	487
96.389	458	96.414	488
96.439	461	96.465	488
96.490	464	96.515	488
96.541	464	96.566	489
96.592	464	96.616	489
96.642	464	96.667	489
96.693	463	96.718	489
96.743	461	96.769	489
96.794	458	96.819	490
96.845	456	96.870	489
96.896	453	96.920	487
96.946	449	96.972	488
96.997	446	97.022	488
97.047	443	97.073	488
97.099	439	97.123	488
97.149	438	97.174	488
97.200	436	97.225	487
97.250	435	97.276	488
97.301	436	97.327	488
97.352	434	97.377	488
97.403	437	97.428	488
97.453	439	97.478	488
97.504	441	97.530	488
97.554	445	97.580	488
97.605	448	97.631	488
97.656	451	97.681	488
97.707	454	97.732	488
97.757	458	97.783	489
97.808	460	97.834	488
97.858	462	97.884	489
97.910	463	97.935	488
97.960	464	97.985	490
98.011	464	98.037	489
98.061	464	98.087	489
98.112	461	98.138	489
98.163	458	98.188	489
98.214	456	98.239	488
98.264	453	98.289	489
98.315	450	98.341	488
98.365	447	98.391	488
98.416	443	98.442	488
98.467	441	98.492	488
98.518	438	98.543	488
98.568	437	98.594	488
98.619	436	98.645	487
98.669	436	98.695	488
98.721	437	98.746	488
98.771	437	98.796	488
98.822	439	98.848	488
98.872	442	98.898	488
98.923	444	98.949	488
98.974	446	98.999	487
99.025	450	99.050	488
99.075	453	99.101	488
99.126	456	99.152	488
99.176	458	99.202	488
99.227	462	99.253	489
99.278	459	99.303	488
99.329	462	99.354	489
99.379	463	99.405	489
99.430	462	99.456	489
99.480	461	99.506	489
99.532	459	99.557	488
99.582	456	99.607	489
99.633	454	99.659	489
99.683	451	99.709	488
99.734	448	99.760	487
99.785	444	99.810	488
99.836	442	99.861	488
99.886	440	99.912	488
99.937	438	99.963	488
99.987	438	100.013	488
100.038	437	100.064	487
100.089	437	100.114	487
100.140	436	100.165	488
100.190	440	100.216	487
100.241	442	100.267	489
100.291	444	100.317	487
100.343	447	100.368	488
100.393	449	100.418	488
100.444	454	100.470	488
100.494	455	100.520	488
100.545	458	100.571	488
100.596	460	100.621	488
100.647	461	100.672	487
100.697	462	100.723	489
100.748	462	100.774	488
100.798	462	100.824	489
100.849	461	100.875	488
100.900	459	100.925	488
100.951	457	100.976	488
101.001	455	101.027	489
101.052	451	101.078	488
101.102	449	101.128	488
101.154	445	101.179	488
101.204	443	101.229	488
101.255	440	101.281	488
101.305	440	101.331	488
101.356	438	101.382	487
101.407	437	101.432	488
101.458	437	101.483	488
101.508	438	101.534	487
101.559	440	101.585	488
101.609	441	101.635	486
101.661	444	101.686	488
101.711	447	101.736	488
101.762	447	101.787	488
101.812	451	101.838	488
101.863	455	101.889	488
101.913	457	101.939	488
101.965	459	101.990	488
102.015	461	102.040	489
102.066	461	102.092	489
102.116	462	102.142	488
102.167	462	102.193	488
102.218	460	102.243	488
102.269	459	102.294	489
102.319	457	102.345	488
102.370	455	102.396	488
102.420	452	102.446	488
102.472	449	102.497	488
102.522	446	102.547	488
102.573	442	102.598	488
102.623	442	102.649	488
102.674	440	102.700	488
102.724	439	102.750	488
102.776	438	102.801	488
102.826	438	102.851	487
102.877	438	102.903	488
102.927	440	102.953	488
102.978	441	103.004	488
103.029	444	103.054	488
103.080	446	103.105	488
103.130	449	103.156	488
103.181	451	103.207	488
103.231	453	103.257	488
103.283	456	103.308	488
103.333	457	103.358	488
103.384	460	103.409	488
103.434	461	103.460	488
103.485	461	103.511	489
103.535	461	103.561	488
103.587	460	103.612	489
103.637	459	103.662	486
103.688	456	103.714	488
103.738	454	103.764	488
103.789	452	103.815	488
103.840	450	103.865	488
103.891	447	103.916	488
103.941	445	103.967	488
103.992	443	104.018	487
104.042	441	104.068	488
104.094	439	104.119	488
104.144	439	104.169	487
104.195	438	104.221	488
104.245	439	104.271	489
104.296	440	104.322	488
104.346	442	104.372	488
104.398	445	104.423	488
104.448	445	104.473	486
104.499	448	104.525	488
104.549	450	104.575	489
104.600	453	104.626	488
104.651	455	104.676	488
104.702	457	104.727	488
104.752	459	104.778	488
104.803	460	104.829	489
104.853	459	104.879	488
104.905	460	104.930	488
104.955	459	104.980	488
105.006	459	105.032	486
105.056	456	105.082	488
105.107	455	105.133	488
105.157	453	105.183	488
105.209	450	105.234	488
105.259	448	105.284	488
105.310	445	105.336	488
105.360	444	105.386	488
105.411	442	105.437	488
105.462	441	105.487	487
105.513	440	105.538	488
105.563	439	105.589	488
105.614	440	105.640	488
105.664	440	105.690	488
105.716	442	105.741	488
105.766	443	105.791	487
105.817	445	105.843	488
105.867	448	105.893	487
105.918	450	105.944	488
105.968	452	105.994	488
106.020	455	106.045	487
106.070	457	106.095	488
106.121	458	106.147	488
106.171	459	106.197	488
106.222	459	106.248	488
106.274	458	106.298	488
106.324	460	106.349	489
106.375	457	106.400	488
106.425	457	106.451	488
106.476	455	106.501	488
106.527	453	106.552	488
106.578	451	106.602	488
106.628	448	106.654	488
106.679	446	106.704	488
106.729	445	106.755	488
106.781	442	106.805	487
106.831	442	106.856	488
106.882	441	106.906	487
106.932	440	106.958	488
106.983	440	107.008	487
107.033	441	107.059	487
107.085	442	107.109	488
107.135	444	107.160	487
107.186	447	107.211	488
107.236	448	107.262	488
107.287	449	107.312	488
107.338	452	107.363	487
107.389	454	107.413	488
107.439	455	107.465	488
107.490	457	107.515	488
107.540	458	107.566	490
107.592	458	107.616	490
107.642	460	107.667	488
107.693	459	107.717	488
107.743	458	107.769	486
107.794	457	107.819	488
107.844	454	107.870	488
107.896	453	107.920	488
107.946	451	107.971	488
107.997	449	108.022	488
108.047	446	108.073	488
108.098	445	108.123	488
108.149	444	108.174	489
108.200	442	108.224	488
108.250	440	108.276	488
108.301	440	108.326	488
108.351	441	108.377	488
108.403	442	108.427	488
108.453	443	108.478	488
108.504	443	108.528	487
108.554	445	108.580	488
108.605	447	108.630	489
108.655	449	108.681	488
108.707	452	108.731	486
108.757	453	108.782	487
108.808	455	108.833	488
108.858	456	108.884	489
108.909	457	108.934	487
108.960	458	108.985	488
109.011	459	109.035	488
109.061	458	109.087	488
109.112	458	109.137	488
109.162	456	109.188	488
109.214	455	109.238	487
109.264	453	109.289	488
109.315	451	109.339	489
109.365	450	109.391	488
109.416	447	109.442	488
109.466	446	109.492	488
109.518	444	109.543	488
109.568	443	109.593	488
109.619	441	109.645	487
109.669	442	109.695	488
109.720	441	109.746	487
109.771	442	109.796	488
109.822	442	109.847	488
109.872	445	109.898	488
109.923	446	109.949	488
109.973	447	109.999	487
110.025	449	110.050	488
110.075	451	110.100	489
110.126	453	110.152	487
110.176	454	110.202	488
110.227	455	110.253	487
110.277	457	110.303	488
110.329	458	110.354	488
110.379	457	110.404	488
110.430	457	110.456	487
110.480	457	110.506	488
110.531	456	110.557	488
110.582	455	110.607	488
110.633	453	110.658	488
110.683	452	110.709	488
110.734	450	110.760	488
110.784	449	110.810	488
110.836	446	110.861	488
110.886	446	110.911	488
110.937	444	110.963	487
110.987	443	111.013	488
111.038	442	111.064	488
111.088	442	111.114	487
111.140	443	111.165	489
111.190	442	111.215	487
111.241	445	111.267	488
111.291	446	111.317	488
111.342	446	111.368	488
111.393	449	111.418	487
111.444	450	111.469	488
111.494	452	111.520	487
111.545	454	111.571	488
111.595	454	111.621	488
111.647	456	111.672	488
111.697	456	111.722	488
111.748	457	111.774	488
111.798	457	111.824	488
111.849	456	111.875	488
111.899	455	111.925	488
111.951	455	111.976	488
112.001	452	112.026	488
112.052	452	112.078	488
112.102	450	112.128	488
112.153	448	112.179	488
112.204	446	112.229	487
112.255	446	112.280	488
112.305	445	112.331	488
112.356	443	112.382	488
112.406	443	112.432	488
112.458	443	112.483	488
112.508	443	112.533	487
112.559	444	112.585	488
112.609	445	112.635	487
112.660	446	112.686	488
112.710	447	112.736	489
112.762	449	112.787	488
112.812	450	112.837	488
112.863	452	112.889	488
112.913	453	112.939	488
112.964	455	112.990	488
113.015	455	113.040	487
113.066	456	113.091	488
113.117	456	113.142	488
113.167	455	113.193	488
