#Creator: pendulumviewEventBuffer
#Creation time: Tue Mar 12 17:31:44 2024
#Time A	Pos A	Time B	Pos B
#[s]	[au]	[s]	[au]
0.024	437	0.050	264
0.075	438	0.101	289
0.125	437	0.151	325
0.177	438	0.202	369
0.227	439	0.252	421
0.278	439	0.304	473
0.328	440	0.354	526
0.379	441	0.405	578
0.430	442	0.455	626
0.481	443	0.506	665
0.531	447	0.557	697
0.582	448	0.608	717
0.632	452	0.658	720
0.684	456	0.709	717
0.734	458	0.759	700
0.785	461	0.811	673
0.836	463	0.861	635
0.886	465	0.912	590
0.937	466	0.962	541
0.988	466	1.013	487
1.039	467	1.063	433
1.089	463	1.115	382
1.140	460	1.165	338
1.190	456	1.216	301
1.242	451	1.266	274
1.292	446	1.317	257
1.343	439	1.368	256
1.393	434	1.419	265
1.444	427	1.469	284
1.495	422	1.520	317
1.546	418	1.570	356
1.596	416	1.622	404
1.647	411	1.672	454
1.697	413	1.723	506
1.748	414	1.773	557
1.799	419	1.824	605
1.850	423	1.874	645
1.900	428	1.926	679
1.951	437	1.976	702
2.001	446	2.027	713
2.053	455	2.077	710
2.103	464	2.128	699
2.154	472	2.179	677
2.204	480	2.230	644
2.255	484	2.280	604
2.306	490	2.331	557
2.357	493	2.381	507
2.407	493	2.433	455
2.458	489	2.483	406
2.508	485	2.534	361
2.560	476	2.584	323
2.610	468	2.635	293
2.661	457	2.685	274
2.711	446	2.737	267
2.762	433	2.787	271
2.812	422	2.838	285
2.864	410	2.888	311
2.914	401	2.939	347
2.965	394	2.990	388
3.015	389	3.041	435
3.066	386	3.091	485
3.117	388	3.142	534
3.168	393	3.192	581
3.218	399	3.244	623
3.269	409	3.294	658
3.319	420	3.345	683
3.371	434	3.395	698
3.421	449	3.446	702
3.472	464	3.496	694
3.522	478	3.548	677
3.573	492	3.599	651
3.623	503	3.649	612
3.675	511	3.700	570
3.725	516	3.750	525
3.776	518	3.802	476
3.826	515	3.852	428
3.877	510	3.903	383
3.928	500	3.953	345
3.979	489	4.004	313
4.029	473	4.055	292
4.080	456	4.106	280
4.130	438	4.156	280
4.182	420	4.207	290
4.232	404	4.257	313
4.283	390	4.308	341
4.333	376	4.359	378
4.384	368	4.410	421
4.434	364	4.460	468
4.486	363	4.511	514
4.536	367	4.561	559
4.587	375	4.613	600
4.637	387	4.663	636
4.688	402	4.714	663
4.739	420	4.764	680
4.790	440	4.815	686
4.840	460	4.866	684
4.891	481	4.917	672
4.941	499	4.967	649
4.993	515	5.018	618
5.043	528	5.068	581
5.094	537	5.120	540
5.144	542	5.170	495
5.195	541	5.221	449
5.245	535	5.271	407
5.297	524	5.322	369
5.347	508	5.372	338
5.398	490	5.424	313
5.448	469	5.474	300
5.499	446	5.525	295
5.550	424	5.575	301
5.601	401	5.626	317
5.651	382	5.677	342
5.702	365	5.728	373
5.752	352	5.778	410
5.804	343	5.829	452
5.854	340	5.879	495
5.905	344	5.931	537
5.955	352	5.981	577
6.006	364	6.032	612
6.056	382	6.082	640
6.108	404	6.133	660
6.158	427	6.183	669
6.209	453	6.235	670
6.259	478	6.285	662
6.310	502	6.336	644
6.361	523	6.386	621
6.412	541	6.437	588
6.462	554	6.488	550
6.513	560	6.539	511
6.563	562	6.589	469
6.615	557	6.640	429
6.665	547	6.690	393
6.716	530	6.742	361
6.766	510	6.792	337
6.817	485	6.843	319
6.867	458	6.893	313
6.919	431	6.944	315
6.969	403	6.994	326
7.020	379	7.046	344
7.070	355	7.096	372
7.121	339	7.147	404
7.172	327	7.197	441
7.223	321	7.248	479
7.273	321	7.299	518
7.324	329	7.350	555
7.374	342	7.400	588
7.426	361	7.451	615
7.476	385	7.501	636
7.527	412	7.553	648
7.577	441	7.603	652
7.628	471	7.654	648
7.678	500	7.704	638
7.730	527	7.755	616
7.780	549	7.805	589
7.831	566	7.857	557
7.881	577	7.907	522
7.932	580	7.958	485
7.983	579	8.008	449
8.034	568	8.059	415
8.084	552	8.110	386
8.135	530	8.161	362
8.185	503	8.211	345
8.237	473	8.262	336
8.287	441	8.312	333
8.338	409	8.364	340
8.388	380	8.414	355
8.439	352	8.465	376
8.489	331	8.515	402
8.541	316	8.566	434
8.591	306	8.616	467
8.642	304	8.668	501
8.692	309	8.718	535
8.743	322	8.769	565
8.794	341	8.819	591
8.845	366	8.870	611
8.896	395	8.921	625
8.946	427	8.972	631
8.997	461	9.022	630
9.048	494	9.073	623
9.099	527	9.123	607
9.149	552	9.175	586
9.200	573	9.225	560
9.250	588	9.276	529
9.302	596	9.326	499
9.352	596	9.377	467
9.403	588	9.427	437
9.453	572	9.479	409
9.504	550	9.529	387
9.554	522	9.580	371
9.606	490	9.630	359
9.656	454	9.681	356
9.707	419	9.732	358
9.757	385	9.783	368
9.808	354	9.833	385
9.859	327	9.884	405
9.910	308	9.934	431
9.960	295	9.986	459
10.011	291	10.036	488
10.061	292	10.087	517
10.113	302	10.137	544
10.163	321	10.188	567
10.214	346	10.238	586
10.264	377	10.290	600
10.315	411	10.340	608
10.365	448	10.391	610
10.417	484	10.441	605
10.467	520	10.492	596
10.518	551	10.543	578
10.568	577	10.594	558
10.619	596	10.644	534
10.670	607	10.695	508
10.721	610	10.745	481
10.771	605	10.797	455
10.822	589	10.847	432
10.872	569	10.898	412
10.924	541	10.948	396
10.974	507	10.999	384
11.025	471	11.049	379
11.075	432	11.101	379
11.126	395	11.151	387
11.176	360	11.202	397
11.228	329	11.252	413
11.278	305	11.303	432
11.329	288	11.354	455
11.379	280	11.405	478
11.430	279	11.455	502
11.481	287	11.506	525
11.532	304	11.556	545
11.582	329	11.608	561
11.633	359	11.658	575
11.683	394	11.709	583
11.735	432	11.759	587
11.785	472	11.810	584
11.836	511	11.860	578
11.886	546	11.912	566
11.937	576	11.963	551
11.987	599	12.013	533
12.039	614	12.064	513
12.089	620	12.114	492
12.140	616	12.166	471
12.190	606	12.216	450
12.241	587	12.267	435
12.292	558	12.317	420
12.343	525	12.368	410
12.393	487	12.419	404
12.444	447	12.470	402
12.494	407	12.520	405
12.546	369	12.571	414
12.596	335	12.621	424
12.647	307	12.673	439
12.697	285	12.723	455
12.748	273	12.774	472
12.798	271	12.824	490
12.850	276	12.875	508
12.900	289	12.925	524
12.951	312	12.977	539
13.001	342	13.027	550
13.052	378	13.078	557
13.103	416	13.128	560
13.154	457	13.179	561
13.204	497	13.230	558
13.255	537	13.281	550
13.305	570	13.331	540
13.357	597	13.382	528
13.407	616	13.432	514
13.458	626	13.484	498
13.508	626	13.534	482
13.559	618	13.585	468
13.609	601	13.635	455
13.661	574	13.686	443
13.711	542	13.736	435
13.762	504	13.788	430
13.812	463	13.838	427
13.863	421	13.889	428
13.914	381	13.939	432
13.965	344	13.990	437
14.015	312	14.041	448
14.066	288	14.092	458
14.116	271	14.142	471
14.168	265	14.193	483
14.218	269	14.243	495
14.269	278	14.295	508
14.319	299	14.345	518
14.370	327	14.396	527
14.420	361	14.446	533
14.472	400	14.497	537
14.522	441	14.547	537
14.573	484	14.599	536
14.623	524	14.649	532
14.674	560	14.700	526
14.725	591	14.750	519
14.776	613	14.801	509
14.826	627	14.852	500
14.877	631	14.903	492
14.927	625	14.953	481
14.979	612	15.004	473
15.029	588	15.054	465
15.080	557	15.106	457
15.130	520	15.156	455
15.181	479	15.207	452
15.232	437	15.257	452
15.283	395	15.308	454
15.333	357	15.358	457
15.384	321	15.410	462
15.434	293	15.460	467
15.485	274	15.511	474
15.536	264	15.561	481
15.587	264	15.612	487
15.637	271	15.663	494
15.688	289	15.714	499
15.738	314	15.764	504
15.790	347	15.815	508
15.840	384	15.865	511
15.891	425	15.917	512
15.941	467	15.967	512
15.992	509	16.018	511
16.043	548	16.068	509
16.094	580	16.119	506
16.144	606	16.169	502
16.195	624	16.221	498
16.245	632	16.271	494
16.296	630	16.322	490
16.347	619	16.372	487
16.398	598	16.423	484
16.449	570	16.474	481
16.499	535	16.525	479
16.550	495	16.575	479
16.601	453	16.626	477
16.652	410	16.676	478
16.702	371	16.728	478
16.753	334	16.778	479
16.803	304	16.829	480
16.855	281	16.879	481
16.905	267	16.930	483
16.956	264	16.980	484
17.006	268	17.032	484
17.057	281	17.082	486
17.107	304	17.133	486
17.159	334	17.183	486
17.209	370	17.234	487
17.260	410	17.285	487
17.310	452	17.336	487
17.361	494	17.386	488
17.412	533	17.437	488
17.463	568	17.487	488
17.513	596	17.539	489
17.564	617	17.589	491
17.614	628	17.640	491
17.666	629	17.690	493
17.716	621	17.741	495
17.767	604	17.792	496
17.817	579	17.843	497
17.868	546	17.893	500
17.918	509	17.944	500
17.970	469	17.994	500
18.020	425	18.045	499
18.071	386	18.096	498
18.121	349	18.147	496
18.172	317	18.197	494
18.223	291	18.248	491
18.274	274	18.298	488
18.324	267	18.350	484
18.375	269	18.400	481
18.425	279	18.451	476
18.477	298	18.501	473
18.527	324	18.552	473
18.578	358	18.603	469
18.628	396	18.654	469
18.679	436	18.704	469
18.729	478	18.755	470
18.781	517	18.805	473
18.831	553	18.856	476
18.882	583	18.907	479
18.932	606	18.958	484
18.983	620	19.008	490
19.034	623	19.059	495
19.085	621	19.109	500
19.135	608	19.161	507
19.186	586	19.211	510
19.236	557	19.262	515
19.288	522	19.312	516
19.338	483	19.363	516
19.389	443	19.414	517
19.439	404	19.465	514
19.490	365	19.516	511
19.540	330	19.566	506
19.592	304	19.617	500
19.642	284	19.667	494
19.693	272	19.719	487
19.743	273	19.769	479
19.794	279	19.820	472
19.845	294	19.870	466
19.896	318	19.921	460
19.946	348	19.972	455
19.997	383	20.023	452
20.047	424	20.073	451
20.099	461	20.124	453
20.149	501	20.174	456
20.200	537	20.226	461
20.250	569	20.276	467
20.301	593	20.327	476
20.352	610	20.377	484
20.403	618	20.428	494
20.453	617	20.478	502
20.504	608	20.530	513
20.554	589	20.580	520
20.605	564	20.631	526
20.656	532	20.681	531
20.707	495	20.732	534
20.757	457	20.783	535
20.808	418	20.834	532
20.858	381	20.884	527
20.910	348	20.935	520
20.960	317	20.985	512
21.011	297	21.037	502
21.061	284	21.087	492
21.112	279	21.138	479
21.163	283	21.188	468
21.214	295	21.239	457
21.264	314	21.289	450
21.315	341	21.341	442
21.365	374	21.391	437
21.416	409	21.442	436
21.467	447	21.492	436
21.518	484	21.543	441
21.568	520	21.594	445
21.619	554	21.645	454
21.669	578	21.695	465
21.721	597	21.746	477
21.771	607	21.796	489
21.822	609	21.848	503
21.872	604	21.898	515
21.923	589	21.949	527
21.974	568	21.999	537
22.025	540	22.050	544
22.075	507	22.100	549
22.126	470	22.152	550
22.176	434	22.202	548
22.227	398	22.253	544
22.278	364	22.303	535
22.329	335	22.354	525
22.379	312	22.405	512
22.430	297	22.456	499
22.480	289	22.506	485
22.532	289	22.557	469
22.582	298	22.607	454
22.633	314	22.659	443
22.683	336	22.709	432
22.734	366	22.760	424
22.785	399	22.810	421
22.836	433	22.861	420
22.886	469	22.912	423
22.937	504	22.963	430
22.987	535	23.013	440
23.038	561	23.064	452
23.089	583	23.114	467
23.140	593	23.165	483
23.191	600	23.216	498
23.241	597	23.267	516
23.292	587	23.317	529
23.343	568	23.368	544
23.394	544	23.418	554
23.444	515	23.470	561
23.495	481	23.520	565
23.545	447	23.571	563
23.597	413	23.621	559
23.647	381	23.672	551
23.698	353	23.723	539
23.748	329	23.774	525
23.799	311	23.824	508
23.849	302	23.875	490
23.901	299	23.925	471
23.951	304	23.976	455
24.002	317	24.027	439
24.052	336	24.078	425
24.103	361	24.128	414
24.154	390	24.179	408
24.205	422	24.229	406
24.255	455	24.281	409
24.306	488	24.331	415
24.356	518	24.382	424
24.408	545	24.432	439
24.458	566	24.483	455
24.509	580	24.534	474
24.559	587	24.585	493
24.610	588	24.635	512
24.660	580	24.686	532
24.712	566	24.736	548
24.762	545	24.787	561
24.813	520	24.838	572
24.863	491	24.889	577
24.914	459	24.939	578
24.965	427	24.990	574
25.016	396	25.040	565
25.066	369	25.092	553
25.117	347	25.142	538
25.167	328	25.193	519
25.219	315	25.243	498
25.269	313	25.294	477
25.320	314	25.345	456
25.370	323	25.396	437
25.421	338	25.446	420
25.472	359	25.497	407
25.523	384	25.547	398
25.573	413	25.598	394
25.624	444	25.649	395
25.674	473	25.700	398
25.725	502	25.750	410
25.776	528	25.801	424
25.827	548	25.851	443
25.877	563	25.903	462
25.928	573	25.953	486
25.978	575	26.004	509
26.030	571	26.054	530
26.080	560	26.105	549
26.131	543	26.156	566
26.181	522	26.207	579
26.232	496	26.258	586
26.283	469	26.308	590
26.334	440	26.359	589
26.384	411	26.409	580
26.435	386	26.461	568
26.485	364	26.511	551
26.536	345	26.562	531
26.587	332	26.612	507
26.638	326	26.663	486
26.688	326	26.714	461
26.739	331	26.765	439
26.789	344	26.815	418
26.841	360	26.866	401
26.891	382	26.916	389
26.942	406	26.968	384
26.992	433	27.018	382
27.043	459	27.069	387
27.094	486	27.119	397
27.145	510	27.170	411
27.195	531	27.220	431
27.246	546	27.272	452
27.296	556	27.322	476
27.347	560	27.373	501
27.398	559	27.423	525
27.449	552	27.474	548
27.499	539	27.525	568
27.550	521	27.576	583
27.600	500	27.626	594
27.652	476	27.677	599
27.702	451	27.727	598
27.753	424	27.779	592
27.803	402	27.829	580
27.854	380	27.880	564
27.905	361	27.930	543
27.956	349	27.981	520
28.006	342	28.032	493
28.057	339	28.083	468
28.107	343	28.133	443
28.158	351	28.184	421
28.209	365	28.234	401
28.260	383	28.285	386
28.310	403	28.336	376
28.361	425	28.387	373
28.411	449	28.437	377
28.463	473	28.488	384
28.513	494	28.538	398
28.564	513	28.590	417
28.614	528	28.640	439
28.665	539	28.691	464
28.716	545	28.741	492
28.767	545	28.792	519
28.817	541	28.843	544
28.868	530	28.894	566
28.918	517	28.944	585
28.969	500	28.995	598
29.020	480	29.045	606
29.071	458	29.096	607
29.121	437	29.147	603
29.172	416	29.198	592
29.222	397	29.248	576
29.274	381	29.299	556
29.324	367	29.349	531
29.375	361	29.401	505
29.425	355	29.451	477
29.476	356	29.502	449
29.527	362	29.552	425
29.578	372	29.603	403
29.628	386	29.654	384
29.679	402	29.705	373
29.729	421	29.755	368
29.780	441	29.806	368
29.831	461	29.856	374
29.882	480	29.907	387
29.932	497	29.958	405
29.983	512	30.009	427
30.033	521	30.059	453
30.085	527	30.110	481
30.135	529	30.160	510
30.186	527	30.212	537
30.236	521	30.262	563
30.287	510	30.313	584
30.338	497	30.363	599
30.389	481	30.414	608
30.439	464	30.465	613
30.490	444	30.516	612
30.540	428	30.566	603
30.592	411	30.617	588
30.642	397	30.667	567
30.693	385	30.718	543
30.743	377	30.769	516
30.794	372	30.820	487
30.844	371	30.870	456
30.896	375	30.921	430
30.946	382	30.971	407
30.997	392	31.023	387
31.047	404	31.073	373
31.098	419	31.124	363
31.149	435	31.174	360
31.200	451	31.225	366
31.250	467	31.276	377
31.301	482	31.327	394
31.351	493	31.377	416
31.403	504	31.428	442
31.453	510	31.478	471
31.504	513	31.529	500
31.554	511	31.580	529
31.605	508	31.631	556
31.655	501	31.681	579
31.707	491	31.732	597
31.757	479	31.782	611
31.808	466	31.834	617
31.858	452	31.884	617
31.909	437	31.935	610
31.960	424	31.985	597
32.011	412	32.036	578
32.061	402	32.087	555
32.112	393	32.138	528
32.162	390	32.188	498
32.214	388	32.239	468
32.264	389	32.289	439
32.315	393	32.340	413
32.365	401	32.391	391
32.416	410	32.442	374
32.466	420	32.492	362
32.518	432	32.543	358
32.568	445	32.593	360
32.619	458	32.645	370
32.669	468	32.695	385
32.720	478	32.746	405
32.771	486	32.796	431
32.822	492	32.847	459
32.872	496	32.898	489
32.923	496	32.949	519
32.973	494	32.999	548
33.025	490	33.050	573
33.075	483	33.100	594
33.126	475	33.152	609
33.176	465	33.202	618
33.227	455	33.253	620
33.277	445	33.303	616
33.329	434	33.354	604
33.379	425	33.404	587
33.430	417	33.456	565
33.480	412	33.506	539
33.531	406	33.557	509
33.582	405	33.607	478
33.633	406	33.658	449
33.683	408	33.709	421
33.734	411	33.760	397
33.784	417	33.810	378
33.836	424	33.861	364
33.886	432	33.911	357
33.937	441	33.963	357
33.987	449	34.013	364
34.038	458	34.064	377
34.088	464	34.114	397
34.140	471	34.165	420
34.190	475	34.215	449
34.241	478	34.267	478
34.291	479	34.317	508
34.342	479	34.368	538
34.393	476	34.418	564
34.444	473	34.469	587
34.494	467	34.520	604
34.545	462	34.571	615
34.595	456	34.621	620
34.647	449	34.672	618
34.697	443	34.722	607
34.748	437	34.774	595
34.798	432	34.824	574
34.849	426	34.875	548
34.899	425	34.925	520
34.951	421	34.976	489
35.001	422	35.026	460
35.052	422	35.078	431
35.102	424	35.128	407
35.153	427	35.179	385
35.205	431	35.229	370
35.255	435	35.280	360
35.306	440	35.331	357
35.356	445	35.382	363
35.407	449	35.432	372
35.458	454	35.483	389
35.509	456	35.533	412
35.559	459	35.585	438
35.610	462	35.635	467
35.660	462	35.686	497
35.712	462	35.736	526
35.762	462	35.787	554
35.813	460	35.837	578
35.863	459	35.889	597
35.914	456	35.939	611
35.964	453	35.990	617
36.016	451	36.040	618
36.066	448	36.091	612
36.117	445	36.142	599
36.167	443	36.193	580
36.218	442	36.243	557
36.269	439	36.294	531
36.320	439	36.344	500
36.370	438	36.396	470
36.421	438	36.446	442
36.471	440	36.497	415
36.523	439	36.547	394
36.573	440	36.598	376
36.624	441	36.648	365
36.674	442	36.700	360
36.725	442	36.750	362
36.775	444	36.801	370
36.827	444	36.851	385
36.877	445	36.902	405
36.928	445	36.953	430
36.978	446	37.004	457
37.029	446	37.054	487
37.080	446	37.105	515
37.131	446	37.155	544
37.181	448	37.207	568
37.232	447	37.257	588
37.282	448	37.308	603
37.334	449	37.358	613
37.384	449	37.409	615
37.435	450	37.459	613
37.485	451	37.511	601
37.536	452	37.561	584
37.586	452	37.612	563
37.638	453	37.662	538
37.688	453	37.713	510
37.739	453	37.764	481
37.789	453	37.815	453
37.840	452	37.865	426
37.891	450	37.916	403
37.942	449	37.966	385
37.992	447	38.018	372
38.043	445	38.068	365
38.093	443	38.119	365
38.145	440	38.169	371
38.195	438	38.220	383
38.246	436	38.270	399
38.296	435	38.322	423
38.347	433	38.373	449
38.397	432	38.423	476
38.449	431	38.474	505
38.499	433	38.524	532
38.550	434	38.576	557
38.600	436	38.626	578
38.651	440	38.677	593
38.702	443	38.727	605
38.753	446	38.778	610
38.803	451	38.829	608
38.854	455	38.880	600
38.904	459	38.930	586
38.956	462	38.981	568
39.006	465	39.031	545
39.057	466	39.083	519
39.107	468	39.133	492
39.158	467	39.184	464
39.208	465	39.234	438
39.260	463	39.285	415
39.310	459	39.335	397
39.361	455	39.387	381
39.411	450	39.437	373
39.462	445	39.488	370
39.513	439	39.538	375
39.564	434	39.589	384
39.614	428	39.640	399
39.665	424	39.691	419
39.715	421	39.741	442
39.767	419	39.792	466
39.817	418	39.842	494
39.868	418	39.894	520
39.918	421	39.944	546
39.969	425	39.995	566
40.019	430	40.045	584
40.071	435	40.096	595
40.121	443	40.146	602
40.172	449	40.198	603
40.222	456	40.248	597
40.273	463	40.299	586
40.324	469	40.349	572
40.375	473	40.400	550
40.425	478	40.451	526
40.476	480	40.502	501
40.526	480	40.552	476
40.578	479	40.603	450
40.628	476	40.653	427
40.679	471	40.705	408
40.729	464	40.755	393
40.780	457	40.806	382
40.830	449	40.856	379
40.882	440	40.907	380
40.932	430	40.957	387
40.983	425	41.009	399
41.033	417	41.059	415
41.084	410	41.110	437
41.135	408	41.160	460
41.186	406	41.211	483
41.236	406	41.262	509
41.287	408	41.313	533
41.337	413	41.363	554
41.389	419	41.414	571
41.439	427	41.464	582
41.490	435	41.516	592
41.540	446	41.566	595
41.591	455	41.617	591
41.641	465	41.667	584
41.693	474	41.718	570
41.743	482	41.768	552
41.794	487	41.820	531
41.844	491	41.870	508
41.895	492	41.921	485
41.946	491	41.971	461
41.997	488	42.022	440
42.048	483	42.073	420
42.098	475	42.124	405
42.149	465	42.174	395
42.200	455	42.225	389
42.251	444	42.275	387
42.301	432	42.327	392
42.352	422	42.377	401
42.402	412	42.428	416
42.454	404	42.478	434
42.504	397	42.529	454
42.555	395	42.579	476
42.605	394	42.631	500
42.656	398	42.681	521
42.706	401	42.732	542
42.758	408	42.782	559
42.808	417	42.833	572
42.859	428	42.884	581
42.909	440	42.935	585
42.960	453	42.985	584
43.011	464	43.036	578
43.062	478	43.086	567
43.112	486	43.138	552
43.163	494	43.188	534
43.213	499	43.239	514
43.265	503	43.289	493
43.315	503	43.340	472
43.366	500	43.390	451
43.416	495	43.442	433
43.467	485	43.492	417
43.517	475	43.543	406
43.569	462	43.593	399
43.619	448	43.644	397
43.670	435	43.695	400
43.720	422	43.746	407
43.771	410	43.796	418
43.822	399	43.847	432
43.873	392	43.897	450
43.923	386	43.949	469
43.974	384	43.999	491
44.024	386	44.050	511
44.076	390	44.100	528
44.126	397	44.151	547
44.177	407	44.201	559
44.227	419	44.253	568
44.278	433	44.303	574
44.328	448	44.354	574
44.380	463	44.404	570
44.430	477	44.455	561
44.481	489	44.506	550
44.531	500	44.557	535
44.582	507	44.607	518
44.633	512	44.658	499
44.684	513	44.708	480
44.734	511	44.760	462
44.785	504	44.810	445
44.835	496	44.861	431
44.887	485	44.911	420
44.937	470	44.962	412
44.988	455	45.012	409
45.038	439	45.064	410
45.089	424	45.115	415
45.139	409	45.165	423
45.191	397	45.216	435
45.241	387	45.266	450
45.292	380	45.318	466
45.342	376	45.368	484
45.393	376	45.419	502
45.444	380	45.469	518
45.495	387	45.520	533
45.545	397	45.571	545
45.596	410	45.622	554
45.646	424	45.672	561
45.698	442	45.723	563
45.748	459	45.773	560
45.799	474	45.825	554
45.849	490	45.875	545
45.900	503	45.926	534
45.950	512	45.976	520
46.002	518	46.027	504
46.052	522	46.077	487
46.103	520	46.129	471
46.153	515	46.179	457
46.204	506	46.230	443
46.255	494	46.280	433
46.306	479	46.331	426
46.356	463	46.382	420
46.407	445	46.433	421
46.457	428	46.483	424
46.509	411	46.534	431
46.559	395	46.584	439
46.610	384	46.636	451
46.660	376	46.686	465
46.711	370	46.737	479
46.761	368	46.787	494
46.813	371	46.838	509
46.863	378	46.888	521
46.914	388	46.940	532
46.964	401	46.990	541
47.015	418	47.041	547
47.066	435	47.091	549
47.117	453	47.142	549
47.167	470	47.193	545
47.218	487	47.244	539
47.268	503	47.294	529
47.320	514	47.345	518
47.370	523	47.395	506
47.421	528	47.447	493
47.471	528	47.497	480
47.522	523	47.548	467
47.572	515	47.598	457
47.624	503	47.649	446
47.674	488	47.699	439
47.725	470	47.751	435
47.775	452	47.801	434
47.826	433	47.852	436
47.877	415	47.902	440
47.928	399	47.953	446
47.978	384	48.004	454
48.029	373	48.055	465
48.079	366	48.105	476
48.131	363	48.156	488
48.181	365	48.206	500
48.232	371	48.258	510
48.282	380	48.308	520
48.333	393	48.359	527
48.384	409	48.409	533
48.435	427	48.460	536
48.485	447	48.510	536
48.536	466	48.562	534
48.586	484	48.612	530
48.637	502	48.663	523
48.688	514	48.713	516
48.739	526	48.764	505
48.789	531	48.815	496
48.840	532	48.866	485
48.890	530	48.916	474
48.942	523	48.967	467
48.992	511	49.017	459
49.043	495	49.069	453
49.093	478	49.119	449
49.144	460	49.170	447
49.195	439	49.220	448
49.246	420	49.271	450
49.296	402	49.321	455
49.347	386	49.373	461
49.397	373	49.423	467
49.448	364	49.474	476
49.499	359	49.524	485
49.550	359	49.575	493
49.601	364	49.626	501
49.651	372	49.677	509
49.702	384	49.727	515
49.753	401	49.778	519
49.804	419	49.828	523
49.854	439	49.880	523
49.905	460	49.930	522
49.955	480	49.981	519
50.007	497	50.031	515
50.057	513	50.082	510
50.108	525	50.132	503
50.158	531	50.184	496
50.209	536	50.234	489
50.259	534	50.285	483
50.311	528	50.335	476
50.361	518	50.386	471
50.412	504	50.437	466
50.462	486	50.488	463
50.513	467	50.538	462
50.564	447	50.589	463
50.615	427	50.639	463
50.665	407	50.691	465
50.716	390	50.741	469
50.766	376	50.792	473
50.818	365	50.842	478
50.868	359	50.893	484
50.919	358	50.944	489
50.969	359	50.995	495
51.020	368	51.045	498
51.070	379	51.096	503
51.122	394	51.146	506
51.172	412	51.197	507
51.223	432	51.248	510
51.273	452	51.299	508
51.324	474	51.349	507
51.375	492	51.400	505
51.426	509	51.450	502
51.476	523	51.502	498
51.527	532	51.552	495
51.577	536	51.603	490
51.629	537	51.653	487
51.679	532	51.704	484
51.730	523	51.755	480
51.780	510	51.806	478
51.831	494	51.856	476
51.881	474	51.907	475
51.933	454	51.957	476
51.983	433	52.008	476
52.034	414	52.059	477
52.084	395	52.110	478
52.135	379	52.160	480
52.186	368	52.211	482
52.237	359	52.261	485
52.287	357	52.313	487
52.338	358	52.363	490
52.388	364	52.414	492
52.440	374	52.464	493
52.490	388	52.515	493
52.541	405	52.566	495
52.591	424	52.617	495
52.642	445	52.668	494
52.692	465	52.718	494
52.744	486	52.769	494
52.794	503	52.819	493
52.845	518	52.871	492
52.895	529	52.921	491
52.946	535	52.972	490
52.997	537	53.022	489
53.048	534	53.073	489
53.098	527	53.124	489
53.149	515	53.175	488
53.199	499	53.225	488
53.251	481	53.276	489
53.301	461	53.326	489
53.352	440	53.378	489
53.402	420	53.428	489
53.453	401	53.479	488
53.504	385	53.529	488
53.555	372	53.580	488
53.605	363	53.630	488
53.656	357	53.682	487
53.706	358	53.732	487
53.757	363	53.783	486
53.808	371	53.833	485
53.859	383	53.884	485
53.909	400	53.935	486
53.960	418	53.986	484
54.010	438	54.036	484
54.062	458	54.087	484
54.112	478	54.137	483
54.163	497	54.189	485
54.213	512	54.239	487
54.264	525	54.290	487
54.315	532	54.340	489
54.366	536	54.391	490
54.416	535	54.441	492
54.467	529	54.493	493
54.517	518	54.543	495
54.568	504	54.594	496
54.619	487	54.644	496
54.670	468	54.695	497
54.720	448	54.746	496
54.771	427	54.797	496
54.821	408	54.847	495
54.873	392	54.898	493
54.923	378	54.948	492
54.974	367	55.000	491
55.024	361	55.050	487
55.075	361	55.101	485
55.126	361	55.151	483
55.177	369	55.202	480
55.227	381	55.252	478
55.278	395	55.304	478
55.328	413	55.354	477
55.379	432	55.405	477
55.430	451	55.455	477
55.481	471	55.506	478
55.531	490	55.557	480
55.582	506	55.608	482
55.632	518	55.658	485
55.684	525	55.709	487
55.734	532	55.759	490
55.785	532	55.811	493
55.835	528	55.861	497
55.886	520	55.912	498
55.937	508	55.962	500
55.988	491	56.013	501
56.038	474	56.064	504
56.089	455	56.115	503
56.139	435	56.165	503
56.190	416	56.216	501
56.241	399	56.266	499
56.292	385	56.317	496
56.343	373	56.368	493
56.393	364	56.419	489
56.444	362	56.469	485
56.495	363	56.520	481
56.546	368	56.570	478
56.596	378	56.622	474
56.647	391	56.672	474
56.697	407	56.723	472
56.749	425	56.773	469
56.799	445	56.824	470
56.850	464	56.875	472
56.900	481	56.926	474
56.951	498	56.976	476
57.001	512	57.027	480
57.053	522	57.077	485
57.103	528	57.128	489
57.154	529	57.179	494
57.204	527	57.230	498
57.255	519	57.280	503
57.306	509	57.331	507
57.357	497	57.381	508
57.407	479	57.433	509
57.458	461	57.483	510
57.508	442	57.534	509
57.560	424	57.584	507
57.610	406	57.635	505
57.661	390	57.686	500
57.711	381	57.737	496
57.762	371	57.787	491
57.812	367	57.838	485
57.864	366	57.888	480
57.914	370	57.939	475
57.965	378	57.990	472
58.015	390	58.041	469
58.066	404	58.091	465
58.117	420	58.142	465
58.168	438	58.192	464
58.218	456	58.244	464
58.269	474	58.294	468
58.319	491	58.345	471
58.371	505	58.395	476
58.421	515	58.446	481
58.472	521	58.497	488
58.522	525	58.548	493
58.573	525	58.598	498
58.624	519	58.649	504
58.675	510	58.699	507
58.725	498	58.750	512
58.776	483	58.801	515
58.826	466	58.852	516
58.877	448	58.902	515
58.928	431	58.953	515
58.979	414	59.003	511
59.029	399	59.055	506
59.080	387	59.105	500
59.130	377	59.156	495
59.182	372	59.206	488
59.232	370	59.257	482
59.283	372	59.308	474
59.333	379	59.359	469
59.384	388	59.410	464
59.435	401	59.460	461
59.486	416	59.511	458
59.536	432	59.561	458
59.587	450	59.613	459
59.637	467	59.663	461
59.688	482	59.714	465
59.739	496	59.764	470
59.790	508	59.815	476
59.840	516	59.866	484
59.891	521	59.917	491
59.941	520	59.967	497
59.993	516	60.018	505
60.043	510	60.068	511
60.094	499	60.120	517
60.144	486	60.170	519
60.195	471	60.221	521
60.246	454	60.271	522
60.297	438	60.322	519
60.347	422	60.372	516
60.398	407	60.424	512
60.448	395	60.474	505
60.499	385	60.525	498
60.550	378	60.575	491
60.601	375	60.626	482
60.651	376	60.677	475
60.702	381	60.728	469
60.752	389	60.778	462
60.804	400	60.829	457
60.854	413	60.879	455
60.905	427	60.931	453
60.955	443	60.981	452
61.006	460	61.032	456
61.057	475	61.082	460
61.108	488	61.133	466
61.158	500	61.184	472
61.209	509	61.235	480
61.259	515	61.285	488
61.310	515	61.336	496
61.361	514	61.386	505
61.412	508	61.437	512
61.462	499	61.488	517
61.513	488	61.539	522
61.563	474	61.589	525
61.615	460	61.640	526
61.665	444	61.690	524
61.716	429	61.742	522
61.766	415	61.792	517
61.817	403	61.843	511
61.868	392	61.893	503
61.919	385	61.944	494
61.969	381	61.995	486
62.020	382	62.046	477
62.070	384	62.096	469
62.121	390	62.147	461
62.172	399	62.197	456
62.223	411	62.248	451
62.273	424	62.299	448
62.324	439	62.350	448
62.374	453	62.400	450
62.426	466	62.451	454
62.476	480	62.501	460
62.527	495	62.553	467
62.577	502	62.603	475
62.628	506	62.654	484
62.679	510	62.704	493
62.730	510	62.755	503
62.780	505	62.806	512
62.831	498	62.857	519
62.881	489	62.907	524
62.932	475	62.958	528
62.983	463	63.008	530
63.034	451	63.059	530
63.084	436	63.110	527
63.135	423	63.161	522
63.185	410	63.211	516
63.237	400	63.262	508
63.287	393	63.312	499
63.338	389	63.364	489
63.388	387	63.414	480
63.439	389	63.465	470
63.490	393	63.515	462
63.541	400	63.566	454
63.591	410	63.617	449
63.642	422	63.668	446
63.692	434	63.718	445
63.744	448	63.769	445
63.794	461	63.819	449
63.845	473	63.870	455
63.895	483	63.921	462
63.946	493	63.972	470
63.996	500	64.022	480
64.048	503	64.073	490
64.098	503	64.123	500
64.149	501	64.175	511
64.199	495	64.225	518
64.250	487	64.276	527
64.301	478	64.326	530
64.352	466	64.377	533
64.402	454	64.428	533
64.453	442	64.479	532
64.503	429	64.529	527
64.555	417	64.580	521
64.605	408	64.630	513
64.656	401	64.681	503
64.706	397	64.732	492
64.757	393	64.783	482
64.807	393	64.833	473
64.859	398	64.884	463
64.909	402	64.934	454
64.960	411	64.986	448
65.010	420	65.036	444
65.061	432	65.087	443
65.112	443	65.137	441
65.163	455	65.188	445
65.213	466	65.239	450
65.264	476	65.290	457
65.314	485	65.340	466
65.366	491	65.391	476
65.416	495	65.441	487
65.467	497	65.492	497
65.517	496	65.543	507
65.568	492	65.594	516
65.618	485	65.644	525
65.670	478	65.695	531
65.720	468	65.745	535
65.771	457	65.797	535
65.821	447	65.847	535
65.872	435	65.898	531
65.923	425	65.948	525
65.974	416	65.999	517
66.024	408	66.050	508
66.075	403	66.101	497
66.125	400	66.151	486
66.177	399	66.202	476
66.227	401	66.252	464
66.278	406	66.304	456
66.328	412	66.354	448
66.379	420	66.405	442
66.429	430	66.455	440
66.481	440	66.506	439
66.531	450	66.556	442
66.582	460	66.608	446
66.632	469	66.658	454
66.683	478	66.709	462
66.734	483	66.759	472
66.785	487	66.810	482
66.835	490	66.861	493
66.886	490	66.912	505
66.936	487	66.962	515
66.988	483	67.013	523
67.038	476	67.063	530
67.089	468	67.115	536
67.139	460	67.165	537
67.190	450	67.216	537
67.240	440	67.266	534
67.292	431	67.317	528
67.342	423	67.367	521
67.393	416	67.419	512
67.443	411	67.469	501
67.494	408	67.520	490
67.545	407	67.570	478
67.596	407	67.621	468
67.646	411	67.672	457
67.697	415	67.723	450
67.747	423	67.773	443
67.799	429	67.824	440
67.849	437	67.874	438
67.900	446	67.926	439
67.950	455	67.976	442
68.001	463	68.027	449
68.051	470	68.077	458
68.103	476	68.128	467
68.153	480	68.178	478
68.204	483	68.230	489
68.254	483	68.280	501
68.305	483	68.331	512
68.356	479	68.381	521
68.407	473	68.432	529
68.457	468	68.483	535
68.508	460	68.534	538
68.558	453	68.584	538
68.610	445	68.635	536
68.660	437	68.685	531
68.711	430	68.737	525
68.761	424	68.787	516
68.812	419	68.838	505
68.862	416	68.888	494
68.914	413	68.939	482
68.965	415	68.989	470
69.015	416	69.041	460
69.066	419	69.091	452
69.116	423	69.142	446
69.168	430	69.192	440
69.218	436	69.243	437
69.269	443	69.294	438
69.319	450	69.345	441
69.370	457	69.395	447
69.421	463	69.446	454
69.472	468	69.496	464
69.522	473	69.548	474
69.573	475	69.598	486
69.623	476	69.649	498
69.675	476	69.699	508
69.725	473	69.750	518
69.776	470	69.800	527
69.826	466	69.852	534
69.877	460	69.902	537
69.927	454	69.953	539
69.979	447	70.003	537
70.029	442	70.054	533
70.080	436	70.105	527
70.130	431	70.156	519
70.181	426	70.206	509
70.232	422	70.257	498
70.283	421	70.307	486
70.333	420	70.359	475
70.384	421	70.409	465
70.434	424	70.460	456
70.486	427	70.510	447
70.536	431	70.561	441
70.587	436	70.611	439
70.637	441	70.663	438
70.688	447	70.713	440
70.738	452	70.764	445
70.790	458	70.814	452
70.840	462	70.865	461
70.891	466	70.916	471
70.941	467	70.967	482
70.992	469	71.017	493
71.043	470	71.068	504
71.094	468	71.118	515
71.144	466	71.170	524
71.195	463	71.220	529
71.245	459	71.271	536
71.297	456	71.321	538
71.347	450	71.372	537
71.398	446	71.422	534
71.448	440	71.474	529
71.499	437	71.524	521
71.549	433	71.575	512
71.601	431	71.625	502
71.651	429	71.676	490
71.702	428	71.727	480
71.752	428	71.778	469
71.803	428	71.828	459
71.854	431	71.879	450
71.905	434	71.930	444
71.955	437	71.981	441
72.006	442	72.032	439
72.056	444	72.082	440
72.108	449	72.133	444
72.158	453	72.183	450
72.209	456	72.235	458
72.259	459	72.285	469
72.310	459	72.336	478
72.360	462	72.386	488
72.412	463	72.437	500
72.462	462	72.487	511
72.513	461	72.539	520
72.563	459	72.589	528
72.614	457	72.640	533
72.665	454	72.690	536
72.716	450	72.741	536
72.766	448	72.792	534
72.817	445	72.843	529
72.867	442	72.893	523
72.919	439	72.944	515
72.969	437	72.994	505
73.020	435	73.046	495
73.070	435	73.096	483
73.121	434	73.147	471
73.171	435	73.197	463
73.223	436	73.248	454
73.273	437	73.298	447
73.324	438	73.350	443
73.374	442	73.400	440
73.425	444	73.451	441
73.476	446	73.501	444
73.527	449	73.552	449
73.577	451	73.603	456
73.628	453	73.654	465
73.678	454	73.704	475
73.730	455	73.755	485
73.780	456	73.805	496
73.831	456	73.857	506
73.881	457	73.907	515
73.932	455	73.958	523
73.982	454	74.008	528
74.034	452	74.059	532
74.084	451	74.109	534
74.135	449	74.161	533
74.185	447	74.211	530
74.236	445	74.262	524
74.287	444	74.312	516
74.338	443	74.363	507
74.388	441	74.414	497
74.439	441	74.465	487
74.489	440	74.515	477
74.541	440	74.566	466
74.591	441	74.616	458
74.642	440	74.668	452
74.692	442	74.718	446
74.743	443	74.769	444
74.793	444	74.819	443
74.845	445	74.870	445
74.895	446	74.920	449
74.946	447	74.972	456
74.996	448	75.022	464
75.047	450	75.073	472
75.098	450	75.123	483
75.149	450	75.174	492
75.200	450	75.225	502
75.250	451	75.276	512
75.301	450	75.326	519
75.352	450	75.377	524
75.403	450	75.427	529
75.453	450	75.479	531
75.504	448	75.529	530
75.554	449	75.580	529
75.606	448	75.630	524
75.656	446	75.681	517
75.707	447	75.731	508
75.757	447	75.783	500
75.808	446	75.833	490
75.858	446	75.884	481
75.910	446	75.934	471
75.960	445	75.985	463
76.011	445	76.036	454
76.061	445	76.087	451
76.112	445	76.137	448
76.163	444	76.188	446
76.214	445	76.238	449
76.264	444	76.290	451
76.315	445	76.340	456
76.365	444	76.391	463
76.417	445	76.441	469
76.467	445	76.492	480
76.518	445	76.542	489
76.568	446	76.594	497
76.619	446	76.644	507
76.669	446	76.695	515
76.721	447	76.745	520
76.771	447	76.796	525
76.822	448	76.847	527
76.872	449	76.898	526
76.923	450	76.948	525
76.974	450	76.999	522
77.025	451	77.049	516
77.075	451	77.101	509
77.126	451	77.151	501
77.176	451	77.202	492
77.228	450	77.252	484
77.278	451	77.303	475
77.329	450	77.353	469
77.379	449	77.405	462
77.430	447	77.455	455
77.480	447	77.506	452
77.532	446	77.556	451
77.582	445	77.607	451
77.633	444	77.658	453
77.683	443	77.709	458
77.734	442	77.759	463
77.785	441	77.810	470
77.836	440	77.860	478
77.886	441	77.912	486
77.937	441	77.962	495
77.987	442	78.013	502
78.039	443	78.063	510
78.089	444	78.114	516
78.140	446	78.164	520
78.190	446	78.216	523
78.241	449	78.267	523
78.291	449	78.317	523
78.343	451	78.368	519
78.393	453	78.418	515
78.444	453	78.470	509
78.494	454	78.520	502
78.545	454	78.571	495
78.596	454	78.621	485
78.647	454	78.672	480
78.697	453	78.723	472
78.748	452	78.774	465
78.798	450	78.824	461
78.850	448	78.875	457
78.900	447	78.925	455
78.951	445	78.977	454
79.001	443	79.027	456
79.052	442	79.078	460
79.102	440	79.128	463
79.154	439	79.179	470
79.204	438	79.229	477
79.255	437	79.281	484
79.305	438	79.331	492
79.356	438	79.382	498
79.407	440	79.432	505
79.458	441	79.483	510
79.508	443	79.534	515
79.559	445	79.585	518
79.609	448	79.635	519
79.661	450	79.686	519
79.711	453	79.736	517
79.762	454	79.788	513
79.812	455	79.838	508
79.863	457	79.889	502
79.913	458	79.939	495
79.965	457	79.990	488
80.015	456	80.040	482
80.066	457	80.092	475
80.116	455	80.142	469
80.167	453	80.193	465
80.218	451	80.243	461
80.269	449	80.294	458
80.319	446	80.345	459
80.370	444	80.396	461
80.420	441	80.446	462
80.472	440	80.497	466
80.522	437	80.547	470
80.573	436	80.599	476
80.623	435	80.649	482
80.674	435	80.700	488
80.724	435	80.750	494
80.776	437	80.801	500
80.826	438	80.851	505
80.877	442	80.903	510
80.927	442	80.953	513
80.978	447	81.004	514
81.029	449	81.054	515
81.080	452	81.105	513
81.130	455	81.156	510
81.181	459	81.207	506
81.231	459	81.257	501
81.283	460	81.308	496
81.333	461	81.358	491
81.384	460	81.410	485
81.434	459	81.460	479
81.485	457	81.511	474
81.536	456	81.561	470
81.587	452	81.612	467
81.637	450	81.662	464
81.688	447	81.714	464
81.738	445	81.764	464
81.789	440	81.815	465
81.840	438	81.865	468
81.891	435	81.916	471
81.941	434	81.967	476
81.992	434	82.018	482
82.042	433	82.068	486
82.094	433	82.119	492
82.144	434	82.169	497
82.195	436	82.221	500
82.245	438	82.271	505
82.296	442	82.322	507
82.347	445	82.372	509
82.398	448	82.423	509
82.448	452	82.473	508
82.499	454	82.525	506
82.549	455	82.575	504
82.600	460	82.626	500
82.651	461	82.676	496
82.702	462	82.727	492
82.753	462	82.778	487
82.803	462	82.829	483
82.854	460	82.879	478
82.905	458	82.930	474
82.956	455	82.980	472
83.006	452	83.032	470
83.057	448	83.082	469
83.107	445	83.133	469
83.159	441	83.183	470
83.209	439	83.234	472
83.260	435	83.284	474
83.310	433	83.336	478
83.361	431	83.386	480
83.411	431	83.437	486
83.463	431	83.487	490
83.513	432	83.538	494
83.564	434	83.589	497
83.614	437	83.640	500
83.665	439	83.690	502
83.716	442	83.741	504
83.767	447	83.791	504
83.817	451	83.843	503
83.868	454	83.893	502
83.918	459	83.944	500
83.970	461	83.994	497
84.020	462	84.045	494
84.071	463	84.096	490
84.121	464	84.147	487
84.172	463	84.197	485
84.222	461	84.248	481
84.274	460	84.298	479
84.324	456	84.349	476
84.375	453	84.400	475
84.425	450	84.451	474
84.476	446	84.501	474
84.527	442	84.552	475
84.578	439	84.602	476
84.628	435	84.654	478
84.679	433	84.704	480
84.729	431	84.755	483
84.781	431	84.805	488
84.831	430	84.856	489
84.882	431	84.907	491
84.932	433	84.958	494
84.983	434	85.008	495
85.033	438	85.059	497
85.085	441	85.109	497
85.135	445	85.160	498
85.186	450	85.211	499
85.236	453	85.262	497
85.287	458	85.312	497
85.338	460	85.363	494
85.389	462	85.413	493
85.439	464	85.465	491
85.490	464	85.515	488
85.540	464	85.566	486
85.592	463	85.616	484
85.642	461	85.667	483
85.693	458	85.718	481
85.743	454	85.769	479
85.794	451	85.820	479
85.844	447	85.870	480
85.896	443	85.921	480
85.946	439	85.971	480
85.997	436	86.023	481
86.047	433	86.073	482
86.098	431	86.124	484
86.149	430	86.174	486
86.200	430	86.225	488
86.250	430	86.276	489
86.301	431	86.327	491
86.351	435	86.377	492
86.403	438	86.428	493
86.453	441	86.478	493
86.504	444	86.530	493
86.554	448	86.580	493
86.605	452	86.631	492
86.656	456	86.681	492
86.707	459	86.732	491
86.757	462	86.782	490
86.808	463	86.834	489
86.858	464	86.884	489
86.909	464	86.935	486
86.960	463	86.985	484
87.011	462	87.036	485
87.061	460	87.087	486
87.112	456	87.138	484
87.162	452	87.188	484
87.214	448	87.239	484
87.264	445	87.289	485
87.315	440	87.341	485
87.365	438	87.391	485
87.416	434	87.442	486
87.467	432	87.492	486
87.518	431	87.543	488
87.568	430	87.593	488
87.619	431	87.645	488
87.669	432	87.695	489
87.720	434	87.746	489
87.771	436	87.796	489
87.822	439	87.847	490
87.872	443	87.898	489
87.923	447	87.949	488
87.973	452	87.999	488
88.025	455	88.050	488
88.075	458	88.100	488
88.126	461	88.152	488
88.176	463	88.202	490
88.227	463	88.253	487
88.278	464	88.303	487
88.329	464	88.354	487
88.379	462	88.404	487
88.430	460	88.456	488
88.480	456	88.506	488
88.531	453	88.557	488
88.582	449	88.607	488
88.633	447	88.658	488
88.683	441	88.709	488
88.734	438	88.760	488
88.784	435	88.810	488
88.836	433	88.861	488
88.886	432	88.911	487
88.937	431	88.963	488
88.987	430	89.013	487
89.038	432	89.064	487
89.089	434	89.114	487
89.140	436	89.165	487
89.190	439	89.216	487
89.241	443	89.267	487
89.291	446	89.317	487
89.342	451	89.368	487
89.393	454	89.418	487
89.444	458	89.469	487
89.495	460	89.520	487
89.545	462	89.571	488
89.596	463	89.621	488
89.647	464	89.672	489
89.698	463	89.722	488
89.748	462	89.774	488
89.799	459	89.824	488
89.849	457	89.875	489
89.901	453	89.925	488
89.951	450	89.976	488
90.002	446	90.027	488
90.052	443	90.078	488
90.103	439	90.128	488
90.153	436	90.179	487
90.205	433	90.229	487
90.255	433	90.280	487
90.306	432	90.331	488
90.356	431	90.382	487
90.407	433	90.432	487
90.458	434	90.483	487
90.509	436	90.533	487
90.559	438	90.585	487
90.610	442	90.635	486
90.660	446	90.686	486
90.712	449	90.736	488
90.762	453	90.787	487
90.813	456	90.838	487
90.863	459	90.889	488
90.914	460	90.939	488
90.964	462	90.990	488
91.016	461	91.040	489
91.066	463	91.091	488
91.117	462	91.142	488
91.167	460	91.193	488
91.218	455	91.243	488
91.269	454	91.294	488
91.320	450	91.344	488
91.370	448	91.396	489
91.421	444	91.446	488
91.471	441	91.497	488
91.523	438	91.547	487
91.573	435	91.598	488
91.624	434	91.649	487
91.674	433	91.700	487
91.725	433	91.750	487
91.776	433	91.801	487
91.827	434	91.851	487
91.877	435	91.902	486
91.928	439	91.953	487
91.978	442	92.004	487
92.029	445	92.054	487
92.080	447	92.105	488
92.131	452	92.155	487
92.181	455	92.207	488
92.232	457	92.257	488
92.282	459	92.308	488
92.334	461	92.358	488
92.384	462	92.409	488
92.435	462	92.460	488
92.485	461	92.511	488
92.536	460	92.562	489
92.587	457	92.612	488
92.638	454	92.663	488
92.688	451	92.713	488
92.739	448	92.765	487
92.789	445	92.815	487
92.840	441	92.866	489
92.891	440	92.916	489
92.942	436	92.967	487
92.992	435	93.018	487
93.043	433	93.069	487
93.093	433	93.119	487
93.145	433	93.170	487
93.195	434	93.220	488
93.246	436	93.272	487
93.296	438	93.322	487
93.347	441	93.373	487
93.398	444	93.423	488
93.449	447	93.474	487
93.499	451	93.524	488
93.550	454	93.576	488
93.600	456	93.626	488
93.651	459	93.677	488
93.702	460	93.727	489
93.753	459	93.778	488
93.803	461	93.829	488
93.854	460	93.880	488
93.904	459	93.930	488
93.956	458	93.981	486
94.006	453	94.031	487
94.057	453	94.083	488
94.107	449	94.133	487
94.158	446	94.184	485
94.209	443	94.234	487
94.260	440	94.285	487
94.310	438	94.336	488
94.361	436	94.387	487
94.411	435	94.437	487
94.462	434	94.488	487
94.513	434	94.538	487
94.564	435	94.589	487
94.614	436	94.640	487
94.665	439	94.691	487
94.715	441	94.741	487
94.767	444	94.792	487
94.817	446	94.842	487
94.868	450	94.894	486
94.918	452	94.944	487
94.969	455	94.995	488
95.020	457	95.045	487
95.071	459	95.096	487
95.121	460	95.147	488
95.172	461	95.198	488
95.222	460	95.248	488
95.273	459	95.299	488
95.324	458	95.349	487
95.375	455	95.400	489
95.425	451	95.451	488
95.476	450	95.502	487
95.526	447	95.552	487
95.578	444	95.603	488
95.628	441	95.653	487
95.679	439	95.705	487
95.729	437	95.755	485
95.780	436	95.806	487
95.831	434	95.856	487
95.882	435	95.907	487
95.932	435	95.958	487
95.983	437	96.009	487
96.033	438	96.059	487
96.084	441	96.110	487
96.135	444	96.160	487
96.186	446	96.211	487
96.236	448	96.262	487
96.287	452	96.313	487
96.337	454	96.363	487
96.389	456	96.414	487
96.439	458	96.464	488
96.490	459	96.516	487
96.540	460	96.566	488
96.591	460	96.617	487
96.642	458	96.667	488
96.693	457	96.718	488
96.743	456	96.769	487
96.794	453	96.820	488
96.844	450	96.870	488
96.896	448	96.921	487
96.946	445	96.971	488
96.997	442	97.022	487
97.047	440	97.073	487
97.098	439	97.124	487
97.148	436	97.174	487
97.200	435	97.225	487
97.250	435	97.275	486
97.301	436	97.327	487
97.351	437	97.377	487
97.402	440	97.428	487
97.453	440	97.478	488
97.504	443	97.529	486
97.554	445	97.580	487
97.605	448	97.631	487
97.655	450	97.681	487
97.707	453	97.732	487
97.757	456	97.782	488
97.808	457	97.833	488
97.858	458	97.884	487
97.909	459	97.935	487
97.959	459	97.985	488
98.011	458	98.036	487
98.061	457	98.086	488
98.112	455	98.138	489
98.162	453	98.188	487
98.213	451	98.239	488
98.264	448	98.289	487
98.315	446	98.340	487
98.365	443	98.391	487
98.416	441	98.442	487
98.466	439	98.492	488
98.518	438	98.543	487
98.568	436	98.593	487
98.619	437	98.644	487
98.669	436	98.695	487
98.720	437	98.746	487
98.770	438	98.796	488
98.822	441	98.847	487
98.872	442	98.897	485
98.923	445	98.949	487
98.973	448	98.999	487
99.024	450	99.050	488
99.075	452	99.100	488
99.126	454	99.151	488
99.176	457	99.202	488
99.227	457	99.253	487
99.277	458	99.303	487
99.329	458	99.354	487
99.379	458	99.404	488
99.430	456	99.456	488
99.480	456	99.506	487
99.531	452	99.557	488
99.581	451	99.607	486
99.633	448	99.658	487
99.683	446	99.708	487
99.734	444	99.760	488
99.784	441	99.810	487
99.835	440	99.861	487
99.886	438	99.911	487
99.937	438	99.962	487
99.987	437	100.013	487
100.038	437	100.064	487
100.088	437	100.114	487
100.140	439	100.165	487
100.190	441	100.215	487
100.241	443	100.267	487
100.291	446	100.317	488
100.342	447	100.368	487
100.392	450	100.418	487
100.444	452	100.469	488
100.494	454	100.519	487
100.545	456	100.571	488
100.595	457	100.621	488
100.646	455	100.672	487
100.697	457	100.722	488
100.748	458	100.773	487
100.798	456	100.824	487
100.849	455	100.875	487
100.899	453	100.925	487
100.951	451	100.976	487
101.001	449	101.026	487
101.052	447	101.078	487
101.102	444	101.128	488
101.153	442	101.179	487
101.203	440	101.229	487
101.255	439	101.280	487
101.305	438	101.330	486
101.356	438	101.382	487
101.406	438	101.432	487
101.457	438	101.483	487
101.509	439	101.533	487
101.559	441	101.584	486
101.610	443	101.635	487
101.660	445	101.686	487
101.711	447	101.736	487
101.762	449	101.787	487
101.813	451	101.837	487
101.863	452	101.889	489
101.914	455	101.939	487
101.964	456	101.990	488
102.016	456	102.040	487
102.066	457	102.091	488
102.117	457	102.141	487
102.167	456	102.193	487
102.218	454	102.243	487
102.268	452	102.294	487
102.320	451	102.344	487
102.370	450	102.395	487
102.421	447	102.446	487
102.471	445	102.497	487
102.522	443	102.547	489
102.573	442	102.598	487
102.624	441	102.648	487
102.674	439	102.700	487
102.725	438	102.750	487
102.775	439	102.801	487
102.827	438	102.851	487
102.877	440	102.902	486
102.928	441	102.952	487
102.978	442	103.004	488
103.029	444	103.054	487
103.079	446	103.105	487
103.131	449	103.155	487
103.181	450	103.206	488
103.232	453	103.257	487
103.282	453	103.308	487
103.333	455	103.358	487
103.384	456	103.409	488
103.435	456	103.459	487
103.485	457	103.511	487
103.536	455	103.561	487
103.586	455	103.612	487
103.638	453	103.662	487
103.688	451	103.713	487
103.739	449	103.763	487
103.789	448	103.815	487
103.840	446	103.865	486
103.890	444	103.916	487
103.942	442	103.966	487
103.992	440	104.017	487
104.043	440	104.068	487
104.093	440	104.119	487
104.144	438	104.169	487
104.195	439	104.220	487
104.246	440	104.270	487
104.296	441	104.322	486
104.347	442	104.372	489
104.397	445	104.423	487
104.449	446	104.473	487
104.499	449	104.524	487
104.550	450	104.574	487
104.600	451	104.626	487
104.651	452	104.677	488
104.701	454	104.727	487
104.753	455	104.778	488
104.803	455	104.828	488
104.854	457	104.880	487
104.904	455	104.930	487
104.955	454	104.981	488
105.006	451	105.031	488
105.057	451	105.082	488
105.107	450	105.133	487
105.158	448	105.184	487
105.208	446	105.234	486
105.260	444	105.285	487
105.310	442	105.335	487
105.361	442	105.387	487
105.411	440	105.437	487
105.462	440	105.488	487
105.512	439	105.538	487
105.564	441	105.589	486
105.614	441	105.639	486
105.665	442	105.691	487
105.715	443	105.741	486
105.766	445	105.792	487
105.817	446	105.842	487
105.868	448	105.893	487
