#Creator: pendulumviewEventBuffer
#Creation time: Tue Mar 12 17:31:44 2024
#Time A	Pos A	Time B	Pos B
#[s]	[au]	[s]	[au]
0.025	523	0.051	393
0.076	455	0.102	451
0.126	387	0.152	512
0.178	320	0.203	570
0.228	259	0.253	622
0.279	206	0.305	667
0.329	164	0.355	700
0.380	135	0.406	723
0.431	120	0.456	730
0.482	125	0.507	721
0.532	145	0.558	702
0.583	178	0.609	672
0.633	224	0.659	629
0.685	281	0.710	578
0.735	345	0.760	522
0.786	412	0.811	462
0.836	480	0.862	403
0.887	545	0.913	348
0.937	602	0.963	301
0.989	648	1.014	262
1.039	683	1.064	235
1.090	704	1.116	222
1.140	708	1.166	224
1.191	695	1.217	238
1.242	667	1.267	266
1.293	626	1.318	307
1.343	576	1.369	354
1.394	513	1.420	408
1.444	448	1.470	465
1.496	380	1.521	523
1.546	315	1.571	577
1.597	255	1.623	627
1.647	205	1.673	667
1.698	165	1.724	699
1.748	138	1.774	718
1.800	125	1.825	720
1.850	131	1.875	711
1.901	152	1.927	691
1.951	185	1.977	659
2.002	231	2.028	616
2.053	287	2.078	564
2.104	351	2.129	510
2.154	417	2.180	452
2.205	483	2.231	396
2.255	545	2.281	344
2.307	600	2.332	299
2.357	646	2.382	264
2.408	679	2.434	240
2.458	699	2.484	229
2.509	702	2.535	233
2.559	688	2.585	249
2.611	661	2.636	278
2.661	620	2.686	317
2.712	569	2.738	364
2.762	509	2.788	419
2.813	445	2.839	475
2.865	379	2.889	529
2.915	316	2.940	583
2.966	257	2.991	631
3.016	206	3.042	670
3.067	168	3.092	698
3.118	141	3.143	714
3.169	129	3.193	713
3.219	137	3.245	702
3.270	158	3.295	681
3.320	190	3.346	647
3.371	234	3.396	604
3.422	290	3.447	554
3.473	353	3.497	499
3.523	417	3.549	442
3.574	483	3.599	388
3.624	545	3.650	338
3.676	599	3.700	295
3.726	645	3.751	262
3.777	676	3.802	241
3.827	695	3.853	235
3.878	697	3.903	240
3.929	683	3.954	258
3.980	656	4.004	289
4.030	616	4.056	329
4.081	564	4.106	377
4.131	505	4.157	431
4.183	441	4.207	486
4.233	376	4.258	541
4.284	313	4.308	593
4.334	256	4.360	637
4.385	207	4.410	673
4.435	169	4.461	698
4.487	145	4.511	710
4.537	135	4.562	708
4.588	143	4.613	695
4.638	164	4.664	672
4.689	196	4.714	637
4.740	241	4.765	592
4.791	297	4.815	542
4.841	358	4.867	487
4.892	423	4.917	431
4.942	487	4.968	381
4.994	545	5.018	332
5.044	599	5.069	292
5.095	642	5.119	261
5.145	673	5.171	244
5.196	690	5.221	240
5.246	691	5.272	248
5.298	676	5.322	267
5.348	648	5.373	300
5.399	607	5.424	341
5.449	555	5.475	390
5.500	497	5.525	444
5.551	435	5.576	497
5.602	372	5.626	550
5.652	312	5.678	599
5.703	256	5.728	642
5.753	209	5.779	676
5.805	173	5.829	699
5.855	149	5.880	708
5.906	142	5.930	702
5.956	151	5.982	690
6.007	172	6.033	665
6.057	204	6.083	627
6.109	250	6.134	582
6.159	303	6.184	532
6.210	362	6.236	478
6.260	425	6.286	424
6.311	487	6.337	372
6.362	544	6.387	327
6.413	597	6.438	289
6.463	639	6.489	261
6.514	667	6.540	246
6.564	683	6.590	244
6.616	683	6.641	254
6.666	669	6.691	277
6.717	641	6.743	310
6.767	600	6.793	352
6.818	550	6.844	401
6.868	495	6.894	455
6.920	432	6.945	507
6.970	371	6.995	559
7.021	310	7.047	607
7.071	258	7.097	648
7.122	212	7.148	680
7.173	177	7.198	700
7.224	155	7.249	706
7.274	149	7.300	700
7.325	159	7.351	684
7.375	179	7.401	656
7.427	211	7.452	619
7.477	254	7.502	572
7.528	308	7.554	522
7.578	367	7.604	468
7.629	429	7.655	415
7.679	489	7.705	367
7.731	546	7.756	321
7.781	595	7.806	285
7.832	636	7.858	259
7.882	663	7.908	247
7.933	677	7.959	247
7.984	675	8.009	260
8.035	661	8.060	284
8.085	634	8.111	319
8.136	593	8.162	361
8.186	544	8.212	411
8.238	488	8.263	464
8.288	426	8.313	517
8.339	366	8.365	568
8.389	310	8.415	615
8.440	258	8.466	653
8.490	215	8.516	683
8.542	182	8.567	700
8.592	162	8.617	704
8.643	157	8.669	697
8.693	168	8.719	679
8.744	188	8.770	649
8.795	220	8.820	611
8.846	264	8.871	564
8.896	316	8.922	513
8.947	374	8.973	459
8.997	433	9.023	407
9.049	492	9.074	359
9.099	547	9.124	315
9.150	593	9.176	282
9.200	631	9.226	259
9.251	657	9.277	249
9.301	671	9.327	250
9.353	667	9.378	264
9.403	653	9.428	292
9.454	623	9.480	327
9.504	585	9.530	371
9.555	536	9.581	419
9.606	480	9.631	474
9.657	422	9.682	527
9.707	366	9.733	577
9.758	309	9.784	622
9.808	259	9.834	658
9.860	218	9.885	686
9.910	187	9.935	701
9.961	169	9.987	702
10.011	166	10.037	694
10.062	177	10.088	674
10.112	197	10.138	643
10.164	230	10.189	603
10.214	272	10.239	556
10.265	324	10.291	505
10.315	380	10.341	451
10.366	437	10.392	400
10.417	495	10.442	352
10.468	546	10.493	312
10.519	591	10.544	279
10.569	627	10.595	257
10.620	651	10.645	250
10.671	662	10.696	253
10.722	658	10.746	269
10.772	640	10.798	298
10.823	615	10.848	334
10.873	575	10.899	380
10.925	528	10.949	430
10.975	474	11.000	482
11.026	417	11.050	534
11.076	360	11.102	583
11.127	308	11.152	626
11.177	260	11.203	663
11.229	221	11.253	689
11.279	192	11.304	702
11.330	176	11.355	701
11.380	175	11.406	691
11.431	186	11.456	670
11.482	206	11.507	637
11.533	239	11.557	596
11.583	281	11.609	548
11.634	331	11.659	497
11.684	386	11.710	443
11.736	443	11.760	393
11.786	496	11.811	346
11.837	547	11.861	307
11.887	590	11.913	276
11.938	623	11.963	257
11.988	645	12.014	250
12.040	654	12.064	257
12.090	648	12.115	273
12.141	633	12.166	303
12.191	604	12.217	341
12.242	565	12.267	387
12.293	519	12.318	437
12.344	466	12.368	490
12.394	412	12.420	541
12.445	357	12.470	590
12.495	305	12.521	632
12.547	261	12.571	666
12.597	223	12.622	691
12.648	197	12.672	701
12.698	184	12.724	700
12.749	184	12.774	688
12.799	196	12.825	665
12.851	217	12.875	632
12.901	250	12.926	589
12.952	290	12.977	542
13.002	341	13.028	490
13.053	394	13.078	437
13.104	448	13.129	387
13.155	500	13.179	341
13.205	548	13.231	303
13.256	589	13.281	274
13.306	618	13.332	255
13.358	639	13.382	252
13.408	645	13.433	259
13.459	640	13.483	277
13.509	623	13.535	308
13.560	594	13.586	347
13.610	555	13.636	394
13.662	508	13.687	444
13.712	459	13.737	496
13.763	405	13.789	547
13.813	352	13.839	595
13.864	304	13.890	636
13.915	261	13.940	669
13.966	226	13.991	693
14.016	202	14.042	701
14.067	190	14.093	698
14.117	193	14.143	685
14.169	206	14.194	661
14.219	227	14.244	627
14.270	261	14.296	585
14.320	302	14.346	537
14.371	350	14.397	485
14.421	401	14.447	432
14.473	454	14.498	382
14.523	503	14.548	338
14.574	550	14.600	300
14.624	587	14.650	272
14.675	616	14.701	256
14.726	632	14.751	253
14.777	638	14.802	262
14.827	630	14.853	282
14.878	614	14.904	314
14.928	583	14.954	353
14.980	545	15.005	400
15.030	500	15.055	451
15.081	450	15.107	503
15.131	398	15.157	553
15.182	348	15.208	599
15.232	302	15.258	640
15.284	260	15.309	672
15.334	228	15.359	693
15.385	207	15.411	700
15.435	197	15.461	696
15.486	202	15.512	683
15.537	214	15.562	657
15.588	238	15.613	622
15.638	270	15.664	579
15.689	312	15.715	531
15.739	359	15.765	478
15.791	409	15.816	427
15.841	460	15.866	379
15.892	508	15.918	334
15.942	551	15.968	298
15.993	586	16.019	271
16.043	613	16.069	257
16.095	627	16.120	255
16.145	630	16.170	266
16.196	621	16.222	286
16.246	602	16.272	318
16.297	572	16.323	358
16.348	534	16.373	405
16.399	489	16.424	455
16.449	441	16.475	507
16.500	391	16.526	557
16.550	343	16.576	603
16.602	298	16.627	642
16.652	260	16.677	674
16.703	230	16.729	693
16.753	210	16.779	699
16.804	205	16.830	693
16.855	210	16.880	679
16.906	224	16.931	653
16.956	248	16.981	618
17.007	281	17.033	574
17.057	323	17.083	526
17.108	369	17.134	474
17.159	418	17.184	423
17.210	466	17.235	375
17.260	512	17.286	332
17.311	553	17.337	297
17.361	585	17.387	272
17.413	609	17.438	258
17.463	620	17.488	258
17.514	622	17.540	268
17.564	612	17.590	290
17.615	592	17.641	323
17.666	561	17.691	363
17.717	523	17.742	410
17.767	479	17.792	461
17.818	431	17.844	512
17.868	384	17.894	561
17.919	337	17.945	605
17.970	295	17.995	644
18.021	259	18.046	674
18.072	232	18.097	692
18.122	216	18.148	697
18.173	212	18.198	691
18.224	218	18.249	676
18.275	233	18.299	648
18.325	259	18.351	613
18.376	293	18.401	569
18.426	334	18.452	521
18.478	379	18.502	469
18.528	426	18.553	419
18.579	473	18.603	372
18.629	515	18.655	330
18.680	555	18.705	296
18.730	584	18.756	272
18.782	607	18.806	261
18.832	616	18.857	261
18.883	615	18.908	271
18.933	604	18.959	295
18.984	582	19.009	328
19.035	551	19.060	369
19.086	513	19.110	415
19.136	468	19.162	465
19.187	423	19.212	515
19.237	376	19.263	564
19.289	331	19.313	607
19.339	291	19.364	645
19.390	258	19.415	673
19.440	233	19.466	689
19.491	220	19.516	694
19.541	217	19.567	687
19.593	226	19.617	671
19.643	242	19.668	644
19.694	269	19.719	608
19.744	303	19.770	565
19.795	344	19.820	517
19.846	389	19.871	466
19.897	435	19.921	415
19.947	480	19.973	370
19.998	522	20.023	330
20.048	556	20.074	297
20.100	586	20.124	274
20.150	604	20.175	265
20.201	611	20.226	265
20.251	608	20.277	277
20.302	596	20.327	300
20.352	573	20.378	334
20.404	541	20.428	374
20.454	501	20.479	419
20.505	459	20.530	470
20.555	413	20.581	519
20.606	370	20.631	566
20.657	326	20.682	609
20.708	289	20.732	645
20.758	257	20.784	672
20.809	235	20.834	687
20.859	223	20.885	690
20.911	224	20.935	685
20.961	232	20.986	668
21.012	251	21.037	639
21.062	278	21.088	603
21.113	315	21.139	559
21.163	354	21.189	512
21.215	398	21.240	463
21.265	444	21.290	414
21.316	487	21.342	368
21.366	527	21.392	329
21.417	560	21.443	297
21.468	586	21.493	277
21.519	602	21.544	267
21.569	607	21.595	269
21.620	603	21.646	283
21.670	588	21.696	305
21.722	563	21.747	338
21.772	529	21.797	378
21.823	492	21.849	425
21.873	449	21.899	473
21.924	405	21.950	522
21.975	361	22.000	569
22.026	319	22.051	610
22.076	283	22.101	644
22.127	255	22.153	671
22.177	236	22.203	684
22.228	227	22.254	686
22.279	228	22.304	677
22.330	239	22.355	661
22.380	260	22.406	634
22.431	288	22.457	597
22.481	324	22.507	555
22.533	364	22.558	508
22.583	408	22.608	459
22.634	452	22.660	412
22.684	494	22.710	368
22.735	533	22.761	330
22.786	564	22.811	299
22.837	587	22.862	280
22.887	600	22.912	272
22.938	604	22.964	273
22.988	597	23.014	286
23.039	581	23.065	311
23.090	555	23.115	345
23.141	520	23.166	385
23.191	483	23.217	429
23.242	441	23.268	477
23.292	395	23.318	526
23.344	353	23.369	570
23.394	313	23.419	610
23.445	280	23.471	642
23.495	251	23.521	668
23.546	236	23.572	680
23.597	230	23.622	682
23.648	233	23.673	674
23.698	244	23.723	656
23.749	268	23.775	627
23.799	297	23.825	591
23.850	333	23.876	549
23.901	374	23.926	503
23.952	419	23.977	456
24.002	461	24.028	410
24.053	501	24.079	367
24.103	538	24.129	331
24.155	566	24.180	302
24.205	588	24.230	283
24.256	599	24.282	276
24.306	600	24.332	278
24.357	592	24.383	293
24.408	574	24.433	319
24.459	545	24.484	351
24.509	512	24.535	390
24.560	473	24.586	435
24.610	430	24.636	482
24.661	387	24.687	528
24.712	347	24.737	570
24.763	307	24.788	610
24.814	276	24.839	641
24.864	251	24.890	664
24.915	237	24.940	677
24.966	232	24.991	676
25.017	237	25.041	668
25.067	251	25.093	649
25.118	275	25.143	621
25.168	304	25.194	585
25.220	342	25.244	544
25.270	383	25.295	499
25.321	426	25.346	454
25.371	469	25.397	407
25.422	508	25.447	366
25.472	543	25.498	332
25.524	570	25.548	304
25.574	589	25.599	287
25.625	598	25.650	283
25.675	597	25.701	285
25.726	589	25.751	300
25.777	566	25.802	325
25.828	539	25.852	358
25.878	504	25.904	397
25.929	464	25.954	440
25.979	422	26.005	485
26.031	379	26.055	530
26.081	339	26.106	572
26.132	302	26.157	610
26.182	272	26.208	640
26.233	249	26.258	660
26.283	237	26.309	669
26.335	235	26.359	670
26.385	241	26.410	661
26.436	257	26.461	642
26.486	281	26.512	614
26.537	314	26.562	579
26.588	350	26.613	537
26.639	391	26.663	493
26.689	434	26.715	449
26.740	475	26.765	405
26.790	514	26.816	366
26.842	548	26.866	332
26.892	573	26.917	306
26.943	590	26.968	292
26.993	596	27.019	288
27.044	596	27.069	293
27.095	583	27.120	307
27.146	561	27.170	333
27.196	532	27.221	365
27.247	496	27.272	404
27.297	456	27.323	445
27.348	414	27.373	490
27.399	371	27.424	533
27.450	332	27.474	574
27.500	298	27.526	609
27.551	268	27.576	638
27.601	247	27.627	658
27.653	237	27.677	665
27.703	237	27.728	664
27.754	244	27.779	655
27.804	261	27.830	635
27.855	287	27.881	605
27.906	320	27.931	571
27.957	358	27.982	531
28.007	399	28.032	488
28.058	442	28.084	445
28.108	483	28.134	403
28.159	520	28.185	365
28.210	552	28.235	334
28.261	576	28.286	310
28.311	591	28.337	297
28.362	597	28.388	294
28.412	593	28.438	300
28.464	579	28.489	315
28.514	557	28.539	341
28.565	524	28.591	373
28.615	489	28.641	410
28.666	449	28.692	452
28.717	407	28.742	495
28.768	365	28.793	537
28.818	326	28.843	575
28.869	293	28.895	609
28.919	265	28.945	636
28.970	245	28.996	652
29.021	238	29.046	659
29.072	238	29.097	658
29.122	248	29.148	647
29.173	267	29.199	627
29.223	293	29.249	599
29.275	327	29.300	564
29.325	365	29.350	525
29.376	406	29.402	483
29.426	447	29.452	439
29.477	489	29.503	401
29.528	525	29.553	365
29.579	555	29.604	336
29.629	578	29.655	314
29.680	592	29.706	302
29.730	595	29.756	300
29.781	591	29.807	307
29.832	575	29.857	324
29.883	550	29.908	347
29.933	520	29.959	381
29.984	482	30.010	419
30.034	442	30.060	458
30.086	400	30.111	499
30.136	359	30.161	540
30.187	321	30.213	577
30.237	289	30.263	607
30.288	263	30.314	633
30.339	245	30.364	648
30.390	239	30.415	653
30.440	239	30.466	651
30.491	250	30.517	639
30.541	271	30.567	618
30.592	299	30.618	590
30.643	332	30.668	557
30.694	372	30.719	518
30.744	412	30.770	477
30.795	454	30.821	436
30.845	494	30.871	399
30.897	530	30.922	363
30.947	559	30.972	338
30.998	580	31.024	319
31.048	592	31.074	309
31.099	594	31.125	307
31.150	587	31.175	315
31.201	571	31.226	332
31.251	546	31.277	358
31.302	514	31.328	390
31.352	477	31.378	426
31.403	435	31.429	465
31.454	394	31.479	505
31.505	354	31.530	543
31.555	318	31.581	578
31.606	284	31.632	608
31.656	259	31.682	629
31.708	245	31.733	643
31.758	239	31.783	647
31.809	242	31.835	644
31.859	253	31.885	630
31.910	274	31.936	610
31.961	302	31.986	581
32.012	338	32.037	547
32.062	377	32.088	511
32.113	418	32.139	471
32.163	459	32.189	432
32.215	499	32.240	396
32.265	533	32.290	365
32.316	562	32.341	339
32.366	581	32.392	322
32.417	591	32.443	314
32.467	593	32.493	314
32.519	582	32.544	323
32.569	567	32.594	343
32.620	542	32.646	367
32.670	509	32.696	398
32.721	471	32.747	434
32.772	431	32.797	471
32.823	390	32.848	510
32.873	350	32.899	546
32.924	312	32.950	580
32.974	282	33.000	606
33.026	259	33.051	627
33.076	245	33.101	639
33.127	240	33.152	642
33.177	244	33.203	637
33.228	257	33.254	622
33.278	279	33.304	601
33.330	308	33.355	573
33.380	343	33.405	539
33.431	382	33.457	504
33.481	423	33.507	465
33.532	464	33.558	427
33.583	502	33.608	393
33.634	536	33.659	363
33.684	563	33.710	341
33.735	582	33.761	325
33.785	591	33.811	319
33.837	591	33.862	321
33.887	584	33.912	331
33.938	564	33.963	350
33.988	538	34.014	377
34.039	505	34.065	407
34.089	466	34.115	441
34.141	426	34.166	478
34.191	385	34.216	516
34.242	346	34.268	551
34.292	311	34.318	582
34.343	281	34.369	607
34.394	258	34.419	625
34.445	245	34.470	634
34.495	241	34.521	636
34.546	246	34.572	629
34.596	260	34.622	614
34.648	282	34.673	594
34.698	312	34.723	564
34.749	348	34.775	530
34.799	386	34.825	495
34.850	428	34.876	460
34.900	468	34.926	422
34.952	504	34.977	391
35.002	538	35.027	363
35.053	563	35.079	342
35.103	582	35.129	329
35.154	590	35.180	324
35.205	590	35.230	327
35.256	581	35.281	339
35.306	560	35.332	360
35.357	533	35.383	385
35.407	500	35.433	416
35.459	463	35.484	449
35.509	422	35.534	486
35.560	382	35.586	521
35.610	343	35.636	555
35.661	308	35.687	584
35.711	279	35.737	607
35.763	258	35.788	623
35.813	246	35.838	630
35.864	243	35.890	630
35.914	248	35.940	623
35.965	264	35.991	606
36.016	287	36.041	584
36.067	317	36.092	554
36.117	354	36.143	523
36.168	391	36.194	487
36.218	431	36.244	452
36.270	471	36.295	418
36.320	508	36.345	387
36.371	541	36.397	363
36.421	565	36.447	344
36.472	579	36.498	333
36.522	588	36.548	329
36.574	587	36.599	334
36.624	576	36.649	347
36.675	556	36.701	368
36.725	528	36.751	394
36.776	496	36.802	425
36.828	458	36.852	459
36.878	418	36.903	493
36.929	378	36.954	528
36.979	340	37.005	559
37.030	305	37.055	586
37.081	279	37.106	606
37.132	258	37.156	620
37.182	247	37.208	628
37.233	246	37.258	625
37.283	252	37.309	615
37.335	267	37.359	598
37.385	291	37.410	574
37.436	321	37.460	546
37.486	356	37.512	513
37.537	396	37.562	479
37.587	435	37.613	446
37.639	474	37.663	413
37.689	510	37.714	384
37.740	542	37.765	361
37.790	564	37.816	344
37.841	580	37.866	336
37.892	586	37.917	334
37.943	585	37.967	341
37.993	573	38.019	356
38.044	552	38.069	376
38.094	525	38.120	402
38.146	491	38.170	433
38.196	453	38.221	467
38.247	414	38.271	501
38.297	375	38.323	533
38.348	339	38.373	563
38.398	305	38.424	588
38.450	279	38.474	607
38.500	260	38.525	618
38.551	250	38.576	621
38.601	248	38.627	620
38.652	254	38.677	608
38.703	272	38.728	590
38.754	295	38.778	566
38.804	326	38.830	537
38.855	361	38.880	505
38.905	399	38.931	472
38.957	439	38.981	439
39.007	476	39.032	408
39.058	511	39.082	381
39.108	542	39.134	360
39.159	563	39.184	346
39.209	577	39.235	338
39.261	583	39.285	338
39.311	580	39.336	347
39.362	568	39.387	362
39.412	548	39.438	384
39.463	520	39.488	411
39.514	485	39.539	441
39.565	450	39.589	475
39.615	411	39.641	508
39.666	374	39.691	539
39.716	337	39.742	567
39.768	305	39.792	590
39.818	279	39.843	607
39.869	263	39.893	616
39.919	253	39.945	620
39.970	250	39.996	614
40.020	260	40.046	602
40.072	277	40.097	583
40.122	300	40.147	558
40.173	330	40.199	529
40.223	364	40.249	497
40.274	402	40.300	465
40.325	441	40.350	432
40.376	478	40.401	402
40.426	512	40.452	378
40.477	540	40.503	359
40.527	562	40.553	346
40.579	575	40.604	340
40.629	580	40.654	342
40.680	577	40.706	352
40.730	564	40.756	369
40.781	544	40.807	391
40.831	516	40.857	419
40.883	483	40.908	450
40.933	446	40.958	482
40.984	408	41.010	514
41.034	371	41.060	545
41.085	336	41.111	572
41.136	306	41.161	593
41.187	281	41.212	608
41.237	264	41.263	616
41.288	256	41.314	617
41.338	256	41.364	610
41.390	264	41.415	596
41.440	283	41.465	575
41.491	306	41.517	550
41.541	334	41.567	521
41.592	369	41.618	490
41.642	406	41.668	457
41.694	445	41.719	426
41.744	480	41.769	398
41.795	512	41.821	373
41.845	540	41.871	357
41.896	559	41.922	346
41.947	571	41.972	343
41.998	576	42.023	346
42.048	572	42.074	357
42.099	558	42.125	375
42.149	537	42.175	398
42.201	509	42.226	427
42.251	478	42.276	458
42.302	443	42.328	490
42.352	405	42.378	521
42.403	369	42.429	550
42.453	335	42.479	575
42.505	306	42.530	595
42.555	282	42.580	608
42.606	267	42.632	615
42.656	260	42.682	614
42.707	260	42.733	605
42.758	269	42.783	591
42.809	287	42.834	569
42.859	310	42.885	544
42.910	340	42.936	514
42.960	374	42.986	482
43.012	410	43.037	451
43.062	447	43.087	421
43.113	481	43.139	393
43.163	512	43.189	372
43.214	538	43.240	356
43.264	557	43.290	346
43.316	568	43.341	344
43.366	572	43.391	350
43.417	566	43.443	360
43.467	553	43.493	381
43.518	532	43.544	406
43.569	505	43.594	433
43.620	473	43.645	464
43.671	439	43.696	497
43.721	402	43.747	527
43.772	368	43.797	556
43.823	335	43.848	580
43.874	307	43.898	597
43.924	284	43.950	609
43.975	270	44.000	614
44.025	263	44.051	612
44.077	266	44.101	601
44.127	275	44.152	586
44.178	293	44.202	563
44.228	316	44.254	537
44.279	346	44.304	507
44.329	379	44.355	476
44.381	412	44.405	444
44.431	448	44.456	413
44.482	484	44.507	389
44.532	512	44.558	370
44.583	536	44.608	354
44.634	554	44.659	346
44.685	564	44.709	346
44.735	566	44.761	353
44.786	561	44.811	367
44.836	546	44.862	386
44.888	526	44.912	412
44.938	499	44.963	440
44.989	468	45.013	472
45.039	434	45.065	503
45.090	399	45.115	532
45.140	367	45.166	560
45.192	334	45.216	582
45.242	307	45.267	599
45.293	287	45.318	609
45.343	274	45.369	612
45.394	269	45.419	609
45.445	271	45.470	598
45.496	281	45.520	581
45.546	298	45.572	558
45.597	323	45.622	532
45.647	351	45.673	501
45.699	383	45.723	470
45.749	417	45.774	438
45.800	450	45.824	411
45.850	483	45.876	385
45.901	511	45.926	366
45.951	535	45.977	353
46.003	551	46.027	347
46.053	560	46.078	347
46.104	561	46.129	357
46.154	555	46.180	371
46.205	542	46.230	391
46.256	519	46.281	418
46.307	493	46.331	447
46.357	463	46.383	477
46.408	429	46.433	508
46.458	396	46.484	538
46.510	363	46.534	564
46.560	334	46.585	585
46.611	309	46.635	600
46.661	290	46.687	609
46.712	278	46.738	612
46.762	274	46.788	607
46.814	276	46.839	595
46.864	288	46.889	576
46.915	305	46.941	553
46.965	329	46.991	525
47.016	355	47.042	495
47.067	388	47.092	464
47.118	421	47.143	434
47.168	454	47.194	406
47.219	484	47.245	383
47.269	511	47.295	362
47.321	532	47.346	352
47.371	548	47.396	347
47.422	555	47.448	350
47.472	555	47.498	359
47.523	549	47.549	375
47.573	534	47.599	397
47.625	513	47.650	423
47.675	487	47.700	452
47.726	457	47.752	483
47.776	425	47.802	514
47.827	392	47.853	542
47.878	362	47.903	568
47.929	334	47.954	588
47.979	311	48.005	602
48.030	293	48.056	609
48.080	283	48.106	610
48.132	278	48.157	604
48.182	282	48.207	591
48.233	294	48.259	573
48.283	313	48.309	548
48.334	335	48.360	520
48.384	363	48.410	490
48.436	393	48.461	459
48.486	425	48.511	430
48.537	456	48.563	402
48.587	485	48.613	380
48.638	511	48.664	363
48.689	531	48.714	352
48.740	543	48.765	348
48.790	552	48.816	352
48.841	550	48.867	362
48.891	543	48.917	378
48.943	528	48.968	401
48.993	506	49.018	428
49.044	481	49.070	457
49.094	452	49.120	488
49.145	421	49.171	517
49.195	390	49.221	548
49.247	360	49.272	568
49.297	332	49.322	590
49.348	312	49.374	602
49.398	296	49.424	609
49.449	287	49.475	609
49.500	284	49.525	601
49.551	290	49.576	588
49.601	300	49.627	568
49.652	318	49.678	544
49.702	342	49.728	516
49.754	368	49.779	485
49.804	399	49.829	454
49.855	430	49.881	425
49.905	459	49.931	399
49.956	486	49.982	379
50.007	510	50.032	362
50.058	528	50.083	352
50.108	541	50.133	349
50.159	546	50.185	353
50.209	544	50.235	365
50.260	537	50.286	382
50.311	521	50.336	405
50.362	500	50.387	431
50.412	475	50.438	461
50.463	446	50.489	492
50.513	416	50.539	522
50.565	386	50.590	548
50.615	358	50.640	573
50.666	333	50.692	591
50.716	313	50.742	603
50.767	297	50.793	609
50.818	291	50.843	608
50.869	290	50.894	599
50.919	295	50.944	585
50.970	307	50.996	564
51.020	325	51.046	538
51.071	349	51.097	511
51.122	375	51.147	481
51.173	404	51.198	451
51.224	433	51.249	421
51.274	462	51.300	396
51.325	488	51.350	376
51.376	510	51.401	361
51.427	526	51.451	352
51.477	538	51.503	350
51.528	541	51.553	356
51.578	541	51.604	368
51.630	529	51.654	386
51.680	514	51.705	409
51.731	492	51.755	436
51.781	468	51.807	465
51.832	440	51.857	495
51.882	411	51.908	525
51.934	382	51.958	552
51.984	356	52.009	575
52.035	333	52.060	592
52.085	312	52.111	603
52.136	301	52.161	608
52.187	296	52.212	606
52.238	295	52.262	597
52.288	301	52.314	582
52.339	314	52.364	561
52.389	333	52.415	537
52.441	355	52.465	508
52.491	382	52.516	478
52.542	409	52.567	448
52.592	439	52.618	419
52.643	465	52.668	395
52.693	490	52.719	374
52.745	510	52.769	361
52.795	524	52.820	353
52.846	534	52.871	352
52.896	537	52.922	357
52.947	533	52.972	370
52.998	523	53.023	389
53.049	507	53.073	413
53.099	486	53.125	440
53.150	461	53.175	470
53.200	434	53.226	497
53.252	406	53.276	527
53.302	379	53.327	554
53.353	355	53.378	575
53.403	332	53.429	591
53.454	315	53.479	602
53.504	304	53.530	606
53.556	299	53.580	604
53.606	300	53.631	594
53.657	307	53.682	580
53.707	321	53.733	557
53.758	339	53.783	531
53.809	363	53.834	503
53.860	388	53.884	474
53.910	415	53.936	445
53.961	443	53.986	418
54.011	469	54.037	393
54.063	491	54.087	375
54.113	510	54.138	361
54.164	522	54.189	354
54.214	531	54.240	354
54.265	532	54.291	361
54.315	527	54.341	374
54.367	516	54.392	393
54.417	500	54.442	414
54.468	479	54.494	443
54.518	454	54.544	472
54.569	428	54.595	501
54.620	401	54.645	530
54.671	375	54.696	555
54.721	352	54.747	576
54.772	331	54.798	592
54.822	316	54.848	601
54.874	307	54.899	604
54.924	303	54.949	601
54.975	305	55.001	591
55.025	314	55.051	575
55.076	328	55.102	554
55.127	347	55.152	528
55.178	370	55.203	501
55.228	394	55.253	471
55.279	422	55.305	442
55.329	447	55.355	415
55.380	472	55.406	392
55.431	493	55.456	374
55.482	510	55.507	362
55.532	522	55.558	355
55.583	528	55.609	356
55.633	528	55.659	363
55.685	522	55.710	378
55.735	510	55.760	397
55.786	492	55.812	420
55.836	471	55.862	447
55.887	448	55.913	475
55.938	421	55.963	505
55.989	396	56.014	532
56.039	371	56.064	556
56.090	349	56.116	576
56.140	330	56.166	591
56.191	317	56.217	599
56.242	309	56.267	602
56.293	306	56.318	598
56.343	310	56.369	588
56.394	320	56.420	571
56.444	335	56.470	550
56.496	354	56.521	525
56.546	377	56.571	497
56.597	401	56.623	469
56.647	427	56.673	440
56.698	451	56.724	414
56.749	475	56.774	392
56.800	494	56.825	376
56.850	512	56.875	363
56.901	522	56.927	358
56.951	524	56.977	359
57.002	524	57.028	367
57.053	516	57.078	381
57.104	504	57.129	401
57.154	486	57.180	424
57.205	465	57.231	450
57.255	440	57.281	479
57.307	414	57.332	506
57.357	391	57.382	533
57.408	367	57.434	556
57.458	344	57.484	574
57.509	330	57.535	589
57.560	317	57.585	598
57.611	311	57.636	599
57.661	310	57.687	595
57.712	315	57.738	583
57.762	326	57.788	568
57.813	342	57.839	546
57.864	360	57.889	521
57.915	382	57.940	493
57.966	408	57.991	466
58.016	432	58.042	438
58.067	457	58.092	413
58.118	478	58.143	394
58.169	496	58.193	377
58.219	511	58.245	366
58.270	519	58.295	360
58.320	522	58.346	362
58.372	520	58.396	371
58.422	512	58.447	384
58.473	497	58.498	402
58.523	480	58.549	428
58.574	458	58.599	454
58.624	435	58.650	481
58.676	410	58.700	508
58.726	386	58.751	534
58.777	363	58.802	557
58.827	343	58.853	575
58.878	329	58.903	588
58.929	318	58.954	595
58.980	313	59.004	596
59.030	313	59.056	591
59.081	319	59.106	578
59.131	331	59.157	563
59.183	347	59.207	542
59.233	368	59.258	518
59.284	390	59.309	491
59.334	413	59.360	463
59.385	436	59.410	437
59.435	460	59.461	413
59.487	481	59.511	393
59.537	498	59.562	378
59.588	511	59.613	370
59.638	518	59.664	364
59.689	520	59.714	366
59.740	518	59.765	375
59.791	507	59.815	389
59.841	491	59.867	408
59.892	473	59.917	432
59.942	452	59.968	456
59.994	429	60.018	484
60.044	404	60.069	510
60.095	381	60.120	535
60.145	360	60.171	557
60.196	340	60.221	574
60.247	328	60.272	586
60.298	318	60.322	592
60.348	314	60.373	593
60.399	316	60.424	587
60.449	324	60.475	575
60.500	336	60.525	559
60.551	352	60.576	538
60.602	373	60.626	514
60.652	395	60.678	488
60.703	420	60.728	461
60.753	443	60.779	436
60.805	463	60.829	412
60.855	484	60.880	394
60.906	500	60.931	379
60.956	512	60.982	371
61.007	517	61.033	367
61.058	517	61.083	371
61.109	513	61.134	380
61.159	502	61.184	394
61.210	487	61.236	413
61.260	468	61.286	435
61.311	447	61.337	460
61.362	423	61.387	486
61.413	399	61.438	512
61.463	376	61.489	535
61.514	356	61.540	556
61.564	339	61.590	572
61.616	326	61.641	583
61.666	318	61.691	589
61.717	316	61.743	588
61.767	319	61.793	582
61.818	327	61.844	571
61.869	341	61.894	554
61.920	358	61.945	533
61.970	378	61.995	509
62.021	401	62.047	484
62.071	424	62.097	459
62.122	448	62.148	435
62.173	468	62.198	413
62.224	487	62.249	395
62.274	502	62.300	382
62.325	512	62.351	373
62.375	517	62.401	373
62.427	516	62.452	375
62.477	509	62.502	384
62.528	498	62.554	399
62.578	482	62.604	418
62.629	462	62.655	439
62.680	441	62.705	464
62.731	418	62.756	489
62.781	394	62.807	514
62.832	373	62.858	535
62.882	353	62.908	555
62.933	337	62.959	570
62.984	325	63.009	582
63.035	319	63.060	588
63.085	318	63.111	584
63.136	321	63.162	578
63.186	331	63.212	565
63.238	345	63.263	549
63.288	362	63.313	528
63.339	385	63.365	506
63.389	406	63.415	483
63.440	429	63.466	457
63.491	452	63.516	433
63.542	472	63.567	413
63.592	489	63.618	397
63.643	504	63.669	384
63.693	512	63.719	377
63.744	516	63.770	376
63.795	514	63.820	380
63.846	507	63.871	389
63.896	494	63.922	404
63.947	476	63.973	422
63.997	458	64.023	444
64.049	437	64.074	468
64.099	413	64.124	492
64.150	390	64.176	515
64.200	369	64.226	537
64.251	350	64.277	554
64.302	335	64.327	568
64.353	325	64.378	577
64.403	320	64.429	582
64.454	319	64.480	579
64.504	324	64.530	572
64.555	334	64.581	561
64.606	348	64.631	544
64.657	368	64.682	524
64.707	389	64.733	501
64.758	411	64.784	478
64.808	434	64.834	455
64.860	456	64.885	432
64.910	476	64.935	414
64.961	492	64.987	398
65.011	505	65.037	387
65.062	512	65.088	381
65.113	514	65.138	380
65.164	512	65.189	385
65.214	504	65.240	395
65.265	492	65.291	409
65.315	474	65.341	427
65.367	454	65.392	449
65.417	432	65.442	472
65.468	407	65.493	494
65.518	386	65.544	516
65.569	365	65.595	537
65.619	348	65.645	553
65.671	334	65.696	566
65.721	323	65.746	574
65.772	320	65.798	577
65.822	320	65.848	575
65.873	327	65.899	566
65.924	337	65.949	555
65.975	353	66.000	539
66.025	372	66.051	519
66.076	392	66.102	497
66.126	415	66.152	474
66.178	438	66.203	452
66.228	459	66.253	432
66.279	478	66.304	414
66.329	494	66.355	400
66.380	506	66.406	390
66.430	512	66.456	385
66.482	515	66.507	385
66.532	510	66.557	390
66.583	501	66.609	401
66.633	488	66.659	415
66.684	470	66.710	434
66.735	449	66.760	454
66.786	428	66.811	475
66.836	405	66.862	496
66.887	383	66.913	519
66.937	363	66.963	537
66.989	346	67.014	552
67.039	333	67.064	564
67.090	324	67.115	570
67.140	319	67.166	572
67.191	322	67.217	569
67.241	329	67.267	561
67.293	339	67.318	549
67.343	356	67.368	533
67.394	375	67.420	514
67.444	396	67.470	493
67.495	419	67.521	471
67.546	440	67.571	451
67.597	462	67.622	431
67.647	480	67.673	414
67.698	495	67.724	399
67.748	506	67.774	392
67.800	512	67.825	387
67.850	513	67.875	390
67.901	508	67.927	395
67.951	497	67.977	406
68.002	485	68.028	421
68.052	467	68.078	438
68.104	446	68.129	458
68.154	424	68.179	480
68.205	402	68.231	500
68.255	380	68.281	519
68.306	361	68.332	537
68.357	345	68.382	551
68.408	331	68.433	562
68.458	324	68.484	568
68.509	322	68.535	568
68.559	324	68.585	565
68.611	331	68.636	555
68.661	343	68.686	544
68.712	360	68.738	527
68.762	378	68.788	508
68.813	399	68.839	488
68.863	422	68.889	469
68.915	444	68.940	447
68.965	465	68.990	430
69.016	482	69.042	414
69.066	496	69.092	403
69.117	506	69.143	395
69.168	512	69.193	392
69.219	511	69.244	394
69.269	506	69.295	401
69.320	496	69.346	413
69.370	482	69.396	427
69.422	463	69.447	444
69.472	443	69.497	463
69.523	421	69.549	484
69.573	399	69.599	503
69.624	378	69.650	522
69.674	358	69.700	538
69.726	343	69.751	550
69.776	332	69.801	559
69.827	324	69.853	564
69.877	321	69.903	564
69.928	326	69.954	559
69.980	333	70.004	550
70.030	346	70.055	539
70.081	363	70.106	521
70.131	382	70.157	503
70.182	403	70.207	484
70.233	425	70.258	464
70.284	447	70.308	446
70.334	466	70.360	429
70.385	482	70.410	415
70.435	496	70.461	405
70.487	506	70.511	398
70.537	511	70.562	396
70.588	510	70.612	400
70.638	503	70.664	407
70.689	493	70.714	418
70.739	478	70.765	433
70.791	460	70.815	451
70.841	440	70.866	468
70.892	418	70.917	487
70.942	396	70.968	507
70.993	374	71.018	523
71.044	358	71.069	538
71.095	343	71.119	551
71.145	332	71.171	558
71.196	324	71.221	561
71.246	324	71.272	559
71.298	327	71.322	554
71.348	336	71.373	544
71.399	348	71.423	531
71.449	365	71.475	517
71.500	385	71.525	499
71.550	405	71.576	479
71.602	427	71.626	460
71.652	448	71.677	443
71.703	468	71.728	428
71.753	484	71.779	415
71.804	497	71.829	406
71.855	505	71.880	401
71.906	509	71.930	401
71.956	509	71.982	404
72.007	502	72.032	412
72.057	491	72.083	424
72.109	475	72.133	438
72.159	458	72.184	456
72.210	438	72.234	473
72.260	416	72.286	492
72.311	395	72.336	509
72.361	375	72.387	526
72.413	357	72.437	541
72.463	343	72.488	549
72.514	332	72.539	555
72.564	327	72.590	557
72.615	325	72.640	555
72.666	330	72.691	549
72.717	338	72.741	539
72.767	351	72.793	525
72.818	369	72.843	510
72.868	387	72.894	492
72.920	408	72.944	474
72.970	430	72.995	456
73.021	450	73.045	441
73.071	468	73.097	426
73.122	484	73.148	415
73.172	496	73.198	409
73.224	505	73.249	404
73.274	509	73.299	404
73.325	506	73.351	410
73.375	498	73.401	417
73.426	488	73.452	429
73.477	473	73.502	446
73.528	455	73.553	459
73.578	435	73.604	477
73.629	414	73.655	495
73.679	394	73.705	513
73.731	374	73.756	526
73.781	355	73.806	539
73.832	343	73.858	549
73.882	335	73.908	551
73.933	326	73.959	554
73.983	328	74.009	551
74.035	332	74.060	543
74.085	341	74.110	534
74.136	356	74.162	520
74.186	370	74.212	504
74.237	390	74.263	487
74.288	410	74.313	470
74.339	431	74.364	453
74.389	451	74.415	439
74.440	469	74.466	425
74.490	484	74.516	415
74.542	496	74.567	408
74.592	503	74.617	406
74.643	506	74.669	408
74.693	504	74.719	413
74.744	497	74.770	422
74.794	486	74.820	434
74.846	470	74.871	448
74.896	452	74.921	466
74.947	433	74.973	483
74.997	412	75.023	500
75.048	391	75.074	515
75.099	373	75.124	531
75.150	357	75.175	540
75.200	343	75.226	547
75.251	334	75.277	552
75.301	330	75.327	549
75.353	330	75.378	547
75.403	335	75.428	539
75.454	344	75.480	529
75.504	358	75.530	515
75.555	373	75.581	499
75.605	392	75.631	482
75.657	413	75.682	466
75.707	432	75.732	452
75.758	452	75.784	435
75.808	468	75.834	425
75.859	484	75.885	416
75.910	495	75.935	409
75.961	501	75.986	409
76.011	503	76.037	411
76.062	501	76.088	417
76.112	494	76.138	427
76.164	482	76.189	440
76.214	469	76.239	454
76.265	449	76.291	471
76.315	431	76.341	487
76.366	411	76.392	503
76.416	391	76.442	518
76.468	373	76.493	529
76.518	358	76.543	541
76.569	346	76.595	546
76.619	337	76.645	549
76.670	332	76.696	548
76.721	333	76.746	544
76.772	338	76.797	535
76.823	347	76.848	524
76.873	359	76.899	510
76.924	375	76.949	494
76.975	395	77.000	478
77.026	414	77.050	462
77.076	432	77.102	447
77.127	452	77.152	433
77.177	469	77.203	423
77.229	481	77.253	415
77.279	493	77.304	411
77.330	498	77.354	411
77.380	501	77.406	415
77.431	499	77.456	421
77.481	491	77.507	431
77.533	480	77.557	445
77.583	463	77.608	460
77.634	448	77.659	475
77.684	429	77.710	491
77.735	410	77.760	507
77.786	391	77.811	520
77.837	373	77.861	532
77.887	358	77.913	541
77.938	347	77.963	544
77.988	339	78.014	548
78.040	335	78.064	545
78.090	336	78.115	540
78.141	341	78.165	531
78.191	351	78.217	519
78.242	362	78.267	506
78.292	379	78.318	490
78.344	397	78.368	476
78.394	415	78.419	458
78.445	434	78.470	444
78.495	452	78.521	432
78.546	468	78.571	421
78.597	482	78.622	415
78.648	491	78.672	413
78.698	496	78.724	413
78.749	498	78.774	417
78.799	494	78.825	425
78.851	487	78.875	436
78.901	476	78.926	449
78.952	462	78.976	464
79.002	444	79.028	479
79.053	427	79.078	494
79.103	406	79.129	510
79.155	390	79.179	524
79.205	373	79.230	533
79.256	360	79.281	542
79.306	349	79.332	545
79.357	341	79.382	544
79.408	338	79.433	543
79.459	339	79.483	537
79.509	345	79.535	527
79.560	353	79.585	515
79.610	367	79.636	500
79.662	382	79.686	485
79.712	399	79.737	469
79.763	418	79.787	455
79.813	435	79.839	439
79.864	452	79.890	430
79.914	468	79.940	421
79.966	480	79.991	416
80.016	489	80.041	414
80.067	494	80.093	415
80.117	494	80.143	419
80.168	491	80.194	429
80.219	483	80.244	439
80.270	472	80.295	452
80.320	458	80.346	468
80.371	444	80.397	483
80.421	425	80.447	499
80.473	407	80.498	513
80.523	390	80.548	525
80.574	374	80.600	534
80.624	361	80.650	541
80.675	351	80.701	546
80.725	344	80.751	544
80.777	342	80.802	541
80.827	343	80.852	533
80.878	349	80.904	524
80.928	358	80.954	511
80.979	369	81.005	497
81.030	385	81.055	480
81.081	401	81.106	467
81.131	419	81.157	453
81.182	436	81.208	439
81.232	453	81.258	428
81.284	467	81.309	421
81.334	478	81.359	416
81.385	487	81.411	415
81.435	491	81.461	417
81.486	491	81.512	423
81.536	487	81.562	432
81.588	480	81.613	443
81.638	468	81.663	455
81.689	455	81.715	472
81.739	440	81.765	487
81.790	423	81.816	501
81.841	407	81.866	515
81.892	389	81.917	527
81.942	375	81.968	536
81.993	362	82.019	542
82.043	355	82.069	544
82.095	347	82.120	542
82.145	345	82.170	538
82.196	347	82.222	531
82.246	353	82.272	521
82.297	362	82.323	506
82.347	374	82.373	492
82.399	388	82.424	479
82.449	404	82.474	464
82.500	422	82.526	449
82.550	437	82.576	438
82.601	452	82.627	426
82.652	465	82.677	420
82.703	476	82.728	417
82.753	483	82.779	414
82.804	488	82.830	419
82.854	487	82.880	425
82.906	483	82.931	435
82.956	477	82.981	447
83.007	465	83.033	461
83.057	452	83.083	475
83.108	437	83.134	491
83.159	421	83.184	505
83.210	405	83.235	515
83.260	389	83.285	528
83.311	376	83.337	535
83.361	364	83.387	541
83.412	355	83.438	543
83.463	350	83.488	541
83.514	349	83.539	536
83.564	351	83.590	528
83.615	358	83.641	517
83.665	366	83.691	504
83.717	376	83.742	491
83.767	391	83.792	476
83.818	407	83.844	461
83.868	423	83.894	447
83.919	438	83.945	436
83.970	452	83.995	426
84.021	465	84.046	420
84.071	474	84.096	417
84.122	481	84.148	417
84.172	483	84.198	421
84.223	481	84.249	428
84.274	479	84.299	437
84.325	472	84.350	450
84.376	461	84.401	463
84.426	448	84.452	478
84.477	434	84.502	492
84.528	419	84.553	506
84.579	404	84.603	519
84.629	389	84.655	528
84.680	377	84.705	536
84.730	365	84.756	541
84.782	358	84.806	542
84.832	353	84.857	540
84.883	352	84.907	534
84.933	356	84.959	526
84.984	361	85.009	515
85.034	371	85.060	502
85.086	381	85.110	487
85.136	395	85.161	473
85.187	409	85.212	459
85.237	423	85.263	446
85.288	439	85.313	435
85.339	452	85.364	426
85.390	463	85.414	423
85.440	472	85.466	418
85.491	478	85.516	419
85.541	480	85.567	423
85.593	482	85.617	430
85.643	476	85.668	440
85.694	467	85.719	452
85.744	457	85.770	466
85.795	445	85.820	480
85.845	431	85.871	495
85.897	417	85.921	508
85.947	402	85.972	519
85.998	389	86.023	529
86.048	376	86.074	537
86.099	368	86.124	540
86.150	360	86.175	541
86.201	357	86.225	538
86.251	356	86.277	531
86.302	360	86.327	523
86.352	364	86.378	513
86.404	374	86.428	498
86.454	385	86.479	486
86.505	397	86.530	471
86.555	412	86.581	457
86.606	426	86.631	445
86.656	439	86.682	434
86.708	451	86.732	426
86.758	463	86.783	421
86.809	470	86.834	418
86.859	475	86.885	420
86.910	478	86.935	423
86.961	476	86.986	432
87.012	471	87.036	443
87.062	463	87.088	454
87.113	453	87.138	468
87.163	442	87.189	482
87.215	428	87.239	496
87.265	416	87.290	509
87.316	401	87.341	521
87.366	388	87.392	529
87.417	378	87.443	536
87.467	369	87.493	540
87.519	363	87.544	539
87.569	359	87.594	536
87.620	359	87.646	530
87.670	364	87.696	520
87.721	369	87.747	510
87.772	378	87.797	496
87.823	389	87.848	483
87.873	401	87.899	469
87.924	414	87.950	456
87.974	426	88.000	444
88.026	441	88.051	434
88.076	453	88.101	426
88.127	461	88.153	422
88.177	468	88.203	420
88.228	473	88.254	422
88.279	474	88.304	427
88.330	472	88.355	435
88.380	467	88.405	445
88.431	459	88.457	456
88.481	449	88.507	470
88.532	438	88.558	484
88.583	425	88.608	498
88.634	412	88.659	510
88.684	400	88.710	521
88.735	388	88.761	529
88.785	379	88.811	535
88.837	370	88.862	538
88.887	365	88.912	539
88.938	363	88.964	534
88.988	365	89.014	528
89.039	367	89.065	518
89.090	373	89.115	508
89.141	382	89.166	496
89.191	393	89.216	483
89.242	404	89.268	469
89.292	416	89.318	455
89.343	430	89.369	444
89.394	442	89.419	434
89.445	452	89.470	427
89.495	460	89.521	423
89.546	466	89.572	422
89.596	470	89.622	424
89.648	470	89.673	429
89.698	468	89.723	436
89.749	463	89.775	447
89.799	455	89.825	459
89.850	446	89.876	472
89.901	434	89.926	486
89.952	423	89.977	498
90.002	411	90.027	510
90.053	399	90.079	521
90.103	388	90.129	529
90.154	380	90.180	534
90.205	372	90.230	536
90.256	368	90.281	535
90.306	367	90.332	533
90.357	367	90.383	525
90.407	370	90.433	517
90.459	378	90.484	505
90.509	386	90.534	493
90.560	397	90.586	481
90.610	408	90.636	466
90.661	419	90.687	454
90.712	432	90.737	444
90.763	442	90.788	434
90.813	452	90.839	428
90.864	459	90.890	423
90.914	464	90.940	423
90.965	467	90.991	426
91.016	467	91.041	431
91.067	464	91.092	439
91.118	459	91.143	451
91.168	451	91.194	461
91.219	442	91.244	473
91.270	431	91.295	487
91.321	419	91.345	499
91.371	408	91.397	511
91.422	398	91.447	520
91.472	386	91.498	528
91.524	379	91.548	533
91.574	373	91.599	534
91.625	369	91.650	533
91.675	369	91.701	530
91.726	371	91.751	523
91.776	375	91.802	515
91.828	381	91.852	503
91.878	388	91.903	491
91.929	400	91.954	479
91.979	411	92.005	466
92.030	422	92.055	454
92.081	433	92.106	443
92.132	443	92.156	435
92.182	452	92.208	429
92.233	458	92.258	426
92.283	463	92.309	425
92.335	464	92.359	430
92.385	464	92.410	434
92.436	460	92.461	442
92.486	456	92.512	451
92.537	448	92.562	463
92.587	439	92.613	475
92.639	428	92.663	487
92.689	416	92.714	499
92.740	406	92.765	511
92.790	396	92.816	520
92.841	387	92.866	527
92.892	380	92.917	531
92.943	375	92.967	533
92.993	372	93.019	532
93.044	372	93.069	527
93.094	374	93.120	521
93.146	379	93.170	512
93.196	385	93.221	501
93.247	394	93.272	489
93.297	403	93.323	477
93.348	414	93.373	465
93.399	424	93.424	456
93.450	434	93.474	444
93.500	443	93.525	436
93.551	452	93.576	431
93.601	457	93.627	428
93.652	461	93.677	428
93.703	462	93.728	431
93.754	461	93.778	437
93.804	458	93.830	444
93.855	452	93.880	453
93.905	443	93.931	464
93.957	435	93.981	476
94.007	425	94.032	489
94.058	415	94.083	499
94.108	405	94.134	510
94.159	394	94.185	521
94.210	387	94.235	525
94.261	381	94.286	529
94.311	376	94.336	529
94.362	374	94.388	529
94.412	374	94.438	525
94.463	377	94.489	519
94.514	382	94.539	509
94.565	389	94.590	499
94.615	397	94.641	487
94.666	405	94.692	476
94.716	416	94.742	465
94.768	427	94.793	454
94.818	436	94.843	445
94.869	444	94.895	438
94.919	451	94.945	433
94.970	456	94.996	430
95.021	458	95.046	431
95.072	460	95.097	433
95.122	458	95.147	439
95.173	454	95.199	447
95.223	447	95.249	456
95.274	441	95.300	467
95.325	432	95.350	478
95.376	421	95.401	489
95.426	411	95.452	499
95.477	402	95.503	511
95.527	394	95.553	517
95.579	386	95.604	524
95.629	381	95.654	527
95.680	376	95.706	528
95.730	376	95.756	526
95.781	377	95.807	522
95.832	380	95.857	515
95.883	386	95.908	507
95.933	393	95.959	497
95.984	401	96.010	486
96.034	410	96.060	476
96.085	419	96.111	465
96.136	429	96.161	454
96.187	438	96.212	446
96.237	446	96.263	439
96.288	452	96.314	435
96.338	456	96.364	433
96.390	458	96.415	435
96.440	457	96.465	436
96.491	456	96.517	442
96.541	452	96.567	449
96.592	445	96.618	458
96.643	437	96.668	469
96.694	429	96.719	479
96.744	419	96.770	490
96.795	410	96.821	500
96.845	401	96.871	510
96.896	393	96.922	516
96.947	386	96.972	522
96.998	382	97.023	525
97.048	378	97.074	526
97.099	379	97.125	522
97.149	380	97.175	519
97.201	383	97.226	512
97.251	389	97.276	504
97.302	396	97.328	495
97.352	405	97.378	485
97.403	412	97.429	474
97.454	421	97.479	464
97.505	431	97.530	454
97.555	439	97.581	447
97.606	446	97.632	441
97.656	451	97.682	437
97.707	455	97.733	436
97.758	457	97.783	435
97.809	454	97.834	439
97.859	453	97.885	445
97.910	448	97.936	451
97.960	442	97.986	461
98.012	435	98.037	470
98.062	427	98.087	480
98.113	417	98.139	489
98.163	408	98.189	500
98.214	398	98.240	508
98.265	392	98.290	514
98.316	386	98.341	519
98.366	382	98.392	522
98.417	380	98.443	522
98.467	380	98.493	520
98.519	382	98.544	515
98.569	385	98.594	510
98.620	392	98.645	501
98.670	398	98.696	493
98.721	407	98.747	483
98.771	415	98.797	474
98.823	424	98.848	464
98.873	434	98.898	455
98.924	440	98.950	448
98.974	446	99.000	444
99.025	451	99.051	440
99.076	454	99.101	438
99.127	455	99.152	438
99.177	454	99.203	443
99.228	451	99.254	448
99.278	446	99.304	455
99.330	439	99.355	463
99.380	432	99.405	471
99.431	422	99.456	481
99.481	414	99.507	491
99.532	406	99.558	499
99.582	398	99.608	507
99.634	392	99.659	513
99.684	386	99.709	517
99.735	384	99.761	518
99.785	382	99.811	519
99.836	382	99.862	516
99.887	384	99.912	513
99.938	389	99.963	505
99.988	394	100.014	498
100.039	402	100.065	490
100.089	408	100.115	481
100.141	417	100.166	472
100.191	426	100.216	463
100.242	434	100.267	457
100.292	441	100.318	451
100.343	447	100.369	445
100.393	451	100.419	442
100.445	453	100.470	442
100.495	454	100.520	443
100.546	452	100.572	446
100.596	448	100.622	451
100.647	443	100.673	459
100.698	437	100.723	466
100.749	429	100.774	474
100.799	421	100.825	482
100.850	413	100.876	492
100.900	404	100.926	498
100.952	397	100.977	507
101.002	391	101.027	511
101.053	386	101.079	514
101.103	384	101.129	516
101.154	382	101.180	515
101.204	383	101.230	513
101.256	386	101.281	509
101.306	390	101.331	503
101.357	397	101.383	496
101.407	403	101.433	488
101.458	412	101.484	479
101.509	419	101.534	471
101.560	427	101.585	463
101.610	435	101.636	457
101.661	441	101.687	451
101.711	447	101.737	447
101.763	450	101.788	445
101.813	453	101.838	445
101.864	452	101.890	445
101.914	451	101.940	450
101.965	446	101.991	455
102.015	440	102.041	461
102.067	435	102.092	469
102.117	427	102.142	476
102.168	419	102.194	483
102.218	411	102.244	492
102.269	404	102.295	499
102.320	397	102.345	504
102.371	391	102.396	509
102.421	386	102.447	511
102.472	384	102.498	512
102.522	384	102.548	512
102.574	384	102.599	509
102.624	387	102.649	504
102.675	393	102.701	499
102.725	398	102.751	493
102.776	405	102.802	484
102.826	413	102.852	478
102.878	421	102.903	471
102.928	428	102.953	463
102.979	436	103.005	457
103.029	442	103.055	453
103.080	447	103.106	448
103.131	450	103.156	448
103.182	450	103.207	448
103.232	451	103.258	450
103.283	447	103.309	454
103.333	445	103.359	458
103.385	439	103.410	465
103.435	433	103.460	470
103.486	425	103.512	479
103.536	418	103.562	486
103.587	411	103.613	492
103.637	403	103.663	498
103.689	396	103.714	504
103.740	391	103.764	507
103.790	387	103.816	509
103.841	385	103.866	510
103.891	385	103.917	508
103.943	386	103.967	505
103.993	389	104.018	503
104.044	393	104.069	496
104.094	400	104.120	490
104.145	407	104.170	483
104.196	414	104.221	476
104.247	421	104.271	470
104.297	429	104.323	463
104.348	437	104.373	459
104.398	442	104.424	454
104.450	447	104.474	452
104.500	449	104.525	450
104.551	450	104.575	451
104.601	450	104.627	453
104.652	447	104.677	457
104.702	444	104.728	462
104.754	438	104.778	467
104.804	431	104.829	474
104.855	424	104.880	480
104.905	417	104.931	486
104.956	409	104.981	493
105.007	403	105.032	497
105.058	397	105.082	503
105.108	392	105.134	504
105.159	387	105.184	507
105.209	386	105.235	507
105.261	386	105.285	505
105.311	388	105.336	502
105.362	391	105.386	498
105.412	396	105.438	493
105.463	401	105.488	487
105.513	408	105.539	481
105.565	416	105.589	475
105.615	422	105.640	468
105.666	430	105.691	463
105.716	436	105.742	459
105.767	440	105.792	456
105.818	446	105.843	455
105.869	448	105.893	454
105.919	449	105.945	454
105.970	448	105.995	457
106.020	446	106.046	460
106.072	442	106.096	465
106.122	436	106.147	470
106.173	430	106.197	476
106.223	424	106.249	482
106.274	416	106.299	488
106.324	410	106.350	493
106.376	402	106.400	497
106.426	397	106.451	501
106.477	392	106.502	503
106.527	389	106.553	504
106.578	387	106.603	503
106.629	388	106.654	502
106.680	389	106.705	498
106.730	392	106.756	496
106.781	397	106.807	490
106.831	403	106.857	484
106.883	410	106.908	479
106.933	416	106.958	474
106.984	424	107.010	467
107.034	430	107.060	464
107.085	436	107.111	460
107.135	442	107.161	457
107.187	445	107.212	456
107.237	444	107.262	456
107.288	446	107.314	458
107.338	444	107.364	460
107.389	444	107.415	464
107.440	439	107.465	468
107.491	435	107.516	473
107.541	429	107.567	478
107.592	422	107.618	483
107.642	416	107.668	489
107.694	408	107.719	494
107.744	402	107.769	497
107.795	397	107.821	500
107.845	393	107.871	501
107.896	390	107.922	501
107.946	389	107.972	500
107.998	390	108.023	498
108.048	391	108.073	495
108.099	394	108.125	491
108.149	399	108.175	486
108.200	404	108.226	482
108.251	410	108.276	477
108.302	416	108.327	471
108.352	423	108.378	467
108.403	430	108.429	464
108.453	437	108.479	461
108.505	441	108.530	459
108.555	444	108.580	459
108.606	446	108.632	459
108.656	446	108.682	460
108.707	445	108.733	464
108.757	443	108.783	467
108.809	439	108.834	469
108.859	433	108.884	476
108.910	428	108.936	481
108.960	422	108.986	483
109.011	416	109.037	490
109.062	409	109.087	493
109.113	403	109.138	496
109.163	398	109.189	498
109.214	394	109.240	499
109.264	391	109.290	497
109.316	391	109.341	497
109.366	391	109.391	495
109.417	393	109.443	492
109.467	396	109.493	488
109.518	400	109.544	483
109.568	405	109.594	480
109.620	411	109.645	475
109.670	416	109.695	471
109.721	424	109.747	468
109.771	429	109.797	465
109.822	435	109.848	462
109.873	440	109.898	461
109.924	441	109.949	460
109.975	444	110.000	461
110.025	445	110.051	464
110.076	444	110.101	466
110.127	441	110.152	470
110.178	438	110.202	475
110.228	433	110.254	478
110.279	427	110.304	482
110.329	422	110.355	487
110.381	415	110.405	490
110.431	410	110.456	493
110.482	404	110.506	495
110.532	400	110.558	496
110.583	396	110.608	497
110.633	394	110.659	496
110.685	392	110.709	495
110.735	393	110.760	492
110.786	395	110.811	488
110.836	397	110.862	484
110.887	402	110.912	481
110.938	407	110.963	477
110.989	412	111.013	474
111.039	417	111.065	470
111.090	424	111.115	467
111.140	429	111.166	465
111.192	433	111.216	463
111.242	438	111.267	463
111.293	440	111.317	463
111.343	443	111.369	465
111.394	443	111.419	467
111.444	441	111.470	470
111.496	439	111.520	472
111.546	437	111.571	477
111.597	432	111.622	480
111.647	427	111.673	484
111.698	421	111.723	487
111.749	415	111.774	490
111.800	410	111.824	492
111.850	405	111.876	494
111.901	401	111.926	495
111.951	397	111.977	495
112.003	395	112.027	494
112.053	394	112.078	492
112.104	394	112.128	489
112.154	396	112.180	485
112.205	399	112.230	483
112.255	402	112.281	480
112.307	406	112.331	476
112.357	412	112.382	473
112.408	417	112.433	469
112.458	423	112.484	467
112.509	428	112.534	466
112.560	433	112.585	464
112.611	436	112.635	465
112.661	439	112.687	466
112.712	441	112.737	467
112.762	441	112.788	469
112.814	440	112.838	472
112.864	438	112.889	475
112.915	435	112.939	478
112.965	430	112.991	481
113.016	426	113.042	484
113.066	421	113.092	488
113.118	416	113.143	490
113.168	410	113.193	492
113.219	406	113.245	493
113.269	400	113.295	494
113.320	399	113.346	492
113.371	397	113.396	491
113.422	396	113.447	489
113.472	396	113.498	487
113.523	397	113.549	485
113.573	400	113.599	481
113.625	403	113.650	477
113.675	408	113.700	475
113.726	412	113.752	472
113.776	418	113.802	470
113.827	422	113.853	468
113.877	428	113.903	466
113.929	431	113.954	466
113.979	435	114.004	467
114.030	438	114.056	468
114.080	439	114.106	469
114.131	440	114.157	470
114.182	439	114.207	474
114.233	437	114.258	477
114.283	434	114.309	480
114.334	428	114.360	483
114.384	425	114.410	486
114.436	421	114.461	488
114.486	416	114.511	489
114.537	412	114.563	491
114.587	407	114.613	492
114.638	403	114.664	491
114.688	401	114.714	491
114.740	399	114.765	489
114.790	398	114.815	487
114.841	398	114.867	484
114.891	400	114.917	482
114.942	402	114.968	479
114.993	405	115.018	476
115.044	408	115.069	474
115.094	412	115.120	472
115.145	417	115.171	470
115.195	422	115.221	468
115.247	426	115.272	466
115.297	430	115.322	468
115.348	433	115.374	469
115.398	436	115.424	469
115.449	437	115.475	472
115.499	437	115.525	473
115.551	437	115.576	476
115.601	435	115.626	479
115.652	433	115.678	481
115.702	429	115.728	484
115.753	426	115.779	485
115.804	421	115.829	487
115.855	417	115.880	489
115.905	415	115.931	491
115.956	409	115.982	490
116.006	405	116.032	490
116.058	403	116.083	490
116.108	401	116.133	487
116.159	400	116.185	485
116.209	400	116.235	483
116.260	399	116.286	480
116.311	403	116.336	478
116.362	405	116.387	475
116.412	408	116.437	474
116.463	413	116.489	472
116.513	417	116.539	470
116.564	421	116.590	469
116.615	425	116.640	469
116.666	429	116.691	470
116.716	432	116.742	470
116.767	434	116.793	472
116.817	435	116.843	473
116.869	436	116.894	476
116.919	435	116.944	477
116.970	434	116.996	480
117.020	432	117.046	482
117.071	429	117.097	483
117.122	425	117.147	486
117.173	421	117.198	487
117.223	418	117.248	486
117.274	414	117.300	489
117.324	410	117.350	489
117.375	406	117.401	489
117.426	404	117.451	487
117.477	403	117.502	485
117.528	401	117.553	484
117.578	401	117.604	481
117.629	403	117.654	478
117.680	404	117.705	477
117.731	407	117.755	475
117.781	409	117.807	473
117.832	413	117.857	472
117.882	416	117.908	471
117.934	420	117.958	470
117.984	424	118.009	470
118.035	427	118.059	471
118.085	430	118.111	471
118.136	432	118.161	474
118.186	434	118.212	475
118.238	434	118.262	476
118.288	434	118.313	479
118.339	432	118.364	481
118.389	431	118.415	482
118.440	428	118.465	485
118.491	425	118.516	486
118.542	422	118.566	487
118.592	418	118.618	487
118.643	413	118.668	487
118.693	411	118.719	487
118.745	409	118.769	486
118.795	406	118.820	484
118.846	405	118.871	483
118.896	404	118.922	482
118.947	405	118.972	480
118.997	402	119.023	479
119.049	405	119.073	477
119.099	407	119.124	474
119.150	410	119.175	474
119.200	413	119.226	472
119.251	416	119.276	472
119.302	419	119.327	471
119.353	423	119.377	471
119.403	426	119.429	472
119.454	429	119.479	472
119.504	430	119.530	475
119.556	432	119.580	477
119.606	432	119.631	478
119.657	432	119.682	480
119.707	431	119.733	480
119.758	430	119.783	483
119.808	428	119.834	484
119.860	425	119.884	485
119.910	422	119.935	486
119.961	419	119.986	486
120.011	416	120.037	486
120.062	412	120.087	485
120.113	410	120.138	485
120.164	407	120.188	483
120.214	406	120.240	482
120.265	405	120.290	481
120.315	404	120.341	479
120.367	405	120.391	477
120.417	406	120.442	476
120.468	408	120.493	475
120.518	410	120.544	474
120.569	413	120.595	473
120.619	416	120.645	474
120.671	419	120.696	472
120.721	422	120.746	473
120.772	425	120.798	474
120.822	427	120.848	475
120.873	429	120.899	476
120.924	430	120.949	478
120.975	431	121.000	479
121.025	431	121.051	480
121.076	430	121.102	482
121.126	429	121.152	482
121.178	427	121.203	484
121.228	424	121.253	485
121.279	422	121.305	484
121.329	419	121.355	484
121.380	417	121.406	484
121.431	412	121.456	483
121.482	411	121.507	483
121.532	409	121.557	482
121.583	408	121.609	481
121.633	406	121.659	480
121.684	406	121.710	478
121.735	406	121.760	478
121.786	408	121.811	477
121.836	407	121.862	476
121.887	410	121.913	474
121.937	413	121.963	475
121.989	416	122.014	474
122.039	419	122.064	475
122.090	421	122.116	475
122.140	423	122.166	476
122.191	425	122.217	477
122.242	427	122.267	478
122.293	429	122.318	479
122.343	430	122.368	479
122.394	429	122.420	481
122.444	429	122.470	481
122.495	427	122.521	482
122.546	427	122.571	482
122.597	425	122.622	482
122.647	422	122.673	483
122.698	420	122.724	483
122.748	418	122.774	483
122.800	415	122.825	482
122.850	413	122.875	481
122.901	410	122.927	481
122.951	409	122.977	480
123.002	409	123.028	479
123.053	407	123.078	478
123.104	408	123.129	478
123.154	408	123.179	477
123.205	409	123.231	476
123.255	410	123.281	476
123.306	413	123.332	475
123.357	415	123.382	476
123.408	416	123.433	477
123.458	420	123.484	476
123.509	422	123.535	477
123.559	425	123.585	478
123.611	426	123.636	479
123.661	429	123.686	480
123.712	427	123.738	480
123.762	429	123.788	479
123.813	428	123.839	481
123.864	427	123.889	482
123.915	426	123.940	483
123.965	424	123.991	481
124.016	423	124.042	482
124.066	421	124.092	481
124.117	418	124.143	481
124.168	416	124.193	481
124.219	413	124.244	480
124.270	411	124.295	479
124.320	410	124.346	479
124.371	410	124.396	478
124.422	409	124.447	478
124.473	408	124.497	477
124.523	409	124.549	477
124.574	410	124.599	475
124.624	411	124.650	476
124.676	413	124.700	477
124.726	416	124.751	478
124.777	417	124.802	478
124.827	418	124.853	478
124.878	423	124.903	479
124.928	423	124.954	479
124.980	425	125.004	480
125.030	428	125.055	480
125.081	427	125.106	479
125.131	428	125.157	480
125.182	428	125.207	480
125.233	427	125.258	479
125.284	426	125.308	481
125.334	424	125.360	480
125.385	423	125.410	480
125.435	420	125.461	480
125.487	418	125.511	479
125.537	416	125.562	479
125.588	414	125.613	479
125.638	413	125.664	479
125.689	412	125.714	480
125.739	410	125.765	479
125.791	409	125.815	478
125.841	409	125.866	478
125.892	409	125.917	478
125.942	411	125.968	478
125.993	412	126.018	478
126.044	413	126.069	478
126.095	415	126.119	478
126.145	416	126.171	478
126.196	420	126.221	479
126.246	421	126.272	480
126.298	423	126.322	480
126.348	423	126.373	480
126.399	426	126.424	478
126.449	427	126.475	480
126.500	427	126.525	479
126.551	427	126.576	481
126.602	426	126.626	479
126.652	426	126.677	479
126.703	423	126.728	478
126.753	422	126.779	479
126.804	421	126.829	479
126.855	419	126.880	479
126.906	416	126.930	479
126.956	416	126.982	479
127.007	412	127.032	479
127.057	412	127.083	479
127.109	411	127.133	479
127.159	410	127.184	479
127.210	411	127.235	479
127.260	410	127.286	479
127.311	411	127.337	479
127.362	412	127.387	479
127.413	414	127.438	479
127.463	414	127.488	479
127.514	417	127.540	479
127.564	418	127.590	479
127.615	421	127.641	479
127.666	422	127.691	479
127.717	423	127.742	479
127.767	425	127.793	480
127.818	426	127.844	479
127.868	426	127.894	478
127.920	426	127.945	479
127.970	427	127.995	479
128.021	425	128.047	479
128.071	425	128.097	479
128.122	422	128.148	479
128.173	421	128.198	479
128.224	418	128.249	479
128.274	418	128.299	479
128.325	415	128.351	479
128.375	414	128.401	479
128.426	412	128.452	479
128.477	412	128.502	479
128.528	411	128.553	479
128.578	410	128.604	478
128.629	410	128.655	479
128.679	411	128.705	479
128.731	414	128.756	479
128.781	413	128.806	479
128.832	414	128.858	479
128.882	417	128.908	479
128.933	418	128.959	478
128.984	420	129.009	480
129.035	421	129.060	478
129.085	423	129.111	480
129.136	424	129.162	477
129.186	426	129.212	478
129.237	426	129.263	480
129.288	426	129.313	479
129.339	425	129.364	477
129.389	425	129.415	479
129.440	425	129.466	479
129.490	423	129.516	479
129.542	421	129.567	479
129.592	420	129.617	479
129.643	417	129.669	479
129.693	416	129.719	477
129.744	414	129.770	479
129.795	414	129.820	478
129.846	412	129.871	479
129.896	411	129.922	480
129.947	413	129.973	479
129.997	411	130.023	479
130.048	412	130.074	479
130.099	412	130.124	479
130.150	413	130.175	478
130.200	415	130.226	479
130.251	418	130.277	479
130.301	418	130.327	479
130.353	420	130.378	480
130.403	421	130.428	480
130.454	423	130.480	480
130.504	423	130.530	479
130.555	425	130.581	479
130.606	425	130.631	481
130.657	425	130.682	479
130.707	425	130.733	479
130.758	423	130.784	479
130.808	425	130.834	479
130.859	422	130.885	479
130.910	421	130.935	479
130.961	419	130.986	479
131.011	418	131.037	478
131.062	417	131.088	477
131.112	415	131.138	479
131.164	414	131.189	480
131.214	413	131.239	478
131.265	413	131.291	478
131.315	412	131.341	480
131.366	412	131.392	479
131.417	413	131.442	478
131.468	413	131.493	479
131.518	414	131.544	480
131.569	415	131.595	479
131.619	417	131.645	479
131.671	418	131.696	479
131.721	421	131.746	479
131.772	421	131.797	479
131.822	422	131.848	479
131.873	423	131.899	479
131.923	424	131.949	479
131.975	425	132.000	479
132.025	425	132.050	479
132.076	427	132.102	479
132.126	424	132.152	479
132.177	424	132.203	479
132.228	422	132.253	479
132.279	421	132.304	479
132.329	420	132.355	479
132.380	418	132.406	479
132.430	417	132.456	480
132.482	415	132.507	479
132.532	414	132.557	479
132.583	413	132.608	479
132.633	413	132.659	479
132.684	413	132.710	479
132.734	412	132.760	477
132.786	413	132.811	478
132.836	414	132.861	477
132.887	415	132.913	479
132.937	415	132.963	479
132.988	417	133.014	479
133.039	419	133.064	479
133.090	419	133.115	479
133.140	421	133.166	479
133.191	422	133.217	479
133.241	423	133.267	479
133.293	422	133.318	479
133.343	424	133.368	479
133.394	424	133.419	479
133.444	425	133.470	480
133.495	423	133.521	479
133.545	423	133.571	478
133.597	422	133.622	479
133.647	421	133.672	479
133.698	420	133.724	478
133.748	418	133.774	479
133.799	417	133.825	479
133.850	415	133.875	478
133.901	415	133.926	479
133.951	415	133.977	479
134.002	414	134.028	480
134.052	413	134.078	479
134.104	413	134.129	479
134.154	413	134.179	479
134.205	414	134.231	479
134.255	414	134.281	480
134.306	417	134.332	479
134.356	418	134.382	479
134.408	418	134.433	478
134.458	420	134.483	479
134.509	420	134.535	480
134.559	422	134.585	479
134.610	423	134.636	479
134.661	423	134.686	479
134.712	423	134.737	478
134.762	424	134.788	479
134.813	424	134.839	478
134.863	423	134.889	479
134.915	422	134.940	479
134.965	422	134.990	479
135.016	420	135.042	479
135.066	419	135.092	479
135.117	418	135.143	479
135.167	417	135.193	479
135.219	416	135.244	479
135.269	415	135.294	479
135.320	415	135.346	479
135.370	414	135.396	479
135.421	414	135.447	479
135.472	413	135.497	478
135.523	414	135.548	479
135.573	414	135.599	479
135.624	416	135.650	479
135.674	415	135.700	480
135.726	417	135.751	479
135.776	417	135.801	479
135.827	419	135.853	478
135.877	421	135.903	479
135.928	421	135.954	478
135.978	421	136.004	479
136.030	423	136.055	479
136.080	423	136.105	479
136.131	424	136.157	479
136.181	423	136.207	479
136.232	422	136.258	479
136.284	423	136.308	478
136.334	422	136.359	478
136.385	420	136.410	479
136.435	419	136.461	479
136.486	418	136.511	478
136.537	417	136.562	478
136.588	416	136.612	479
136.638	416	136.664	480
136.689	416	136.714	479
136.739	415	136.765	479
136.791	413	136.815	479
136.841	415	136.866	479
136.892	415	136.916	479
136.942	415	136.968	479
136.993	416	137.018	479
137.043	416	137.069	479
137.095	418	137.119	479
137.145	419	137.170	479
137.196	420	137.221	479
137.246	420	137.272	478
137.297	421	137.322	480
137.348	421	137.373	478
137.399	421	137.423	479
137.449	423	137.475	479
137.500	423	137.525	479
137.550	423	137.576	479
137.602	422	137.626	479
137.652	422	137.677	478
137.703	421	137.727	479
137.753	420	137.779	479
137.804	419	137.829	479
137.854	418	137.880	479
137.906	417	137.930	480
137.956	416	137.981	479
138.007	416	138.032	479
138.057	415	138.083	478
138.108	415	138.133	479
138.159	415	138.184	479
138.210	415	138.234	478
138.260	415	138.286	479
138.311	414	138.336	478
138.361	416	138.387	477
138.413	417	138.437	479
138.463	419	138.488	480
138.514	418	138.538	479
138.564	419	138.590	479
138.615	421	138.640	479
138.665	421	138.691	478
138.717	422	138.741	480
138.767	423	138.792	479
138.818	422	138.843	479
138.868	422	138.894	479
138.919	422	138.944	479
138.970	421	138.995	479
139.021	421	139.045	479
139.071	421	139.097	479
139.122	420	139.147	479
139.172	420	139.198	479
139.224	418	139.248	479
139.274	418	139.299	479
139.325	416	139.349	480
139.375	416	139.401	479
139.426	416	139.452	478
139.476	415	139.502	479
139.528	415	139.553	479
139.578	416	139.603	478
139.629	415	139.655	479
139.679	416	139.705	478
139.730	416	139.756	478
139.781	417	139.806	477
139.832	419	139.857	479
139.882	419	139.908	478
139.933	419	139.959	480
139.983	418	140.009	479
140.035	420	140.060	479
140.085	422	140.110	480
140.136	422	140.162	479
140.186	421	140.212	478
140.237	421	140.263	479
140.287	421	140.313	480
140.339	421	140.364	479
140.389	421	140.414	479
140.440	421	140.466	478
140.490	419	140.516	478
140.541	418	140.567	479
140.592	418	140.617	479
140.643	417	140.668	479
140.693	417	140.719	479
140.744	416	140.770	479
140.794	416	140.820	479
140.846	416	140.871	479
140.896	416	140.921	479
140.947	415	140.973	479
140.997	416	141.023	479
141.048	417	141.074	478
141.098	417	141.124	479
141.150	418	141.175	480
141.200	418	141.225	477
141.251	419	141.277	479
141.301	420	141.327	478
141.352	421	141.378	479
141.403	421	141.428	478
141.454	422	141.479	479
141.504	421	141.530	479
141.555	422	141.581	479
141.605	420	141.631	481
141.657	421	141.682	479
141.707	420	141.732	478
141.758	421	141.784	479
141.808	419	141.834	479
141.859	419	141.885	478
141.909	418	141.935	479
141.961	418	141.986	479
142.011	418	142.036	479
142.062	417	142.088	478
142.112	418	142.138	479
142.163	416	142.189	479
142.214	416	142.239	479
142.265	416	142.290	479
142.315	416	142.341	479
142.366	417	142.392	481
142.416	417	142.442	479
142.468	417	142.493	479
142.518	418	142.543	477
142.569	418	142.595	479
142.619	419	142.645	477
142.670	420	142.696	478
142.720	420	142.746	479
142.772	421	142.797	479
142.822	420	142.847	479
142.873	421	142.899	479
142.923	421	142.949	479
142.974	420	143.000	479
143.025	421	143.050	478
143.076	420	143.101	478
143.127	418	143.152	479
143.177	419	143.203	479
143.228	419	143.253	478
143.279	418	143.304	479
143.330	417	143.354	479
143.380	417	143.406	479
143.431	417	143.456	479
143.481	415	143.507	479
143.533	417	143.557	479
143.583	416	143.608	479
143.634	418	143.658	479
143.684	415	143.710	478
143.735	417	143.760	478
143.785	417	143.811	479
143.837	418	143.861	478
143.887	418	143.912	478
143.938	419	143.963	479
143.988	420	144.014	479
144.039	421	144.064	479
144.090	420	144.115	479
144.141	419	144.165	479
144.191	421	144.217	479
144.242	420	144.267	479
144.292	421	144.318	479
144.344	420	144.368	479
144.394	421	144.419	479
144.445	420	144.469	479
144.495	420	144.521	476
144.546	419	144.571	479
144.596	419	144.622	478
144.648	418	144.672	479
144.698	417	144.723	479
144.749	417	144.774	479
144.799	418	144.825	479
144.850	417	144.875	479
144.901	417	144.926	478
144.952	415	144.976	479
145.002	417	145.028	479
145.053	417	145.078	478
145.103	418	145.129	479
145.155	417	145.179	478
145.205	418	145.230	478
145.256	419	145.280	479
145.306	419	145.332	480
145.357	419	145.382	479
145.407	420	145.433	479
145.459	420	145.483	479
145.509	421	145.534	479
145.560	420	145.585	479
145.610	419	145.636	479
145.661	420	145.686	479
145.712	420	145.737	479
145.763	420	145.787	479
145.813	420	145.839	478
145.864	419	145.889	479
145.914	419	145.940	478
145.966	418	145.990	479
146.016	418	146.041	478
146.067	418	146.091	479
146.117	417	146.143	479
146.168	417	146.194	478
146.218	417	146.244	479
146.270	417	146.295	479
146.320	417	146.345	480
146.371	417	146.397	479
146.421	417	146.447	479
146.472	418	146.498	478
146.523	417	146.548	479
146.574	418	146.599	479
146.624	419	146.650	479
146.675	420	146.701	479
146.725	420	146.751	478
146.777	419	146.802	479
146.827	420	146.852	478
146.878	420	146.904	479
146.928	420	146.954	478
146.979	420	147.005	479
147.029	421	147.055	479
147.081	420	147.106	479
147.131	420	147.156	479
147.182	420	147.208	479
147.232	419	147.258	479
147.283	418	147.309	479
147.334	418	147.359	479
147.385	419	147.410	479
147.435	417	147.461	479
147.486	417	147.512	479
147.536	417	147.562	479
147.588	418	147.613	478
147.638	417	147.663	479
147.689	417	147.715	478
147.739	417	147.765	479
147.790	418	147.816	479
147.840	418	147.866	479
147.892	418	147.917	478
147.942	418	147.967	479
147.993	419	148.019	479
148.043	420	148.069	478
148.094	420	148.120	478
148.145	421	148.170	479
148.196	420	148.221	479
148.246	420	148.272	480
148.297	420	148.323	479
148.347	420	148.373	479
148.399	420	148.424	479
148.449	420	148.474	478
148.500	419	148.526	479
148.550	419	148.576	479
148.601	418	148.627	479
148.651	418	148.677	479
148.703	418	148.728	479
148.753	418	148.778	478
148.804	418	148.830	479
148.854	417	148.880	479
148.905	417	148.931	478
148.956	418	148.981	478
149.007	418	149.032	479
149.057	418	149.083	479
149.108	418	149.134	479
149.158	419	149.184	479
149.210	418	149.235	478
149.260	419	149.285	478
149.311	420	149.337	479
149.361	419	149.387	479
149.412	420	149.438	479
149.463	420	149.488	478
149.514	420	149.539	478
149.564	421	149.589	479
149.615	420	149.641	479
149.665	420	149.691	478
149.716	420	149.742	479
149.767	420	149.792	479
149.818	419	149.843	479
149.868	419	149.894	478
149.919	419	149.945	479
149.969	418	149.995	480
150.021	418	150.046	479
150.071	418	150.096	479
150.122	418	150.148	479
150.172	418	150.198	481
150.223	417	150.249	478
150.274	418	150.299	478
150.325	417	150.350	478
150.375	419	150.400	479
150.426	418	150.452	479
150.476	418	150.502	479
150.527	419	150.553	478
150.578	419	150.603	479
150.629	419	150.654	479
150.680	420	150.705	479
150.730	419	150.756	479
150.781	420	150.806	479
150.832	420	150.857	479
150.883	421	150.907	479
150.933	420	150.959	477
150.984	421	151.009	478
151.034	420	151.060	478
151.086	420	151.110	479
151.136	420	151.161	478
151.187	419	151.211	479
151.237	420	151.263	478
151.288	418	151.313	478
151.338	419	151.364	479
151.390	418	151.414	479
151.440	418	151.465	478
151.491	417	151.516	479
151.541	416	151.567	478
151.592	417	151.617	479
151.643	419	151.668	481
151.694	420	151.718	478
151.744	418	151.770	479
151.795	420	151.820	479
151.845	419	151.871	479
151.897	419	151.921	479
151.947	419	151.972	479
151.998	419	152.023	478
152.048	420	152.074	478
152.099	420	152.124	479
152.149	420	152.175	479
152.201	419	152.225	478
152.251	420	152.276	478
152.302	420	152.327	478
152.352	420	152.378	478
152.403	419	152.428	479
152.454	420	152.479	479
152.505	419	152.529	478
152.555	420	152.581	478
152.606	419	152.631	478
152.656	419	152.682	478
152.708	419	152.732	478
152.758	418	152.783	478
152.809	418	152.834	479
152.859	418	152.885	479
152.910	417	152.935	478
152.960	418	152.986	479
153.012	418	153.036	479
153.062	419	153.087	478
153.113	418	153.138	479
153.163	418	153.189	479
153.214	420	153.239	479
153.265	419	153.290	479
153.316	418	153.340	479
153.366	419	153.392	479
153.417	420	153.442	479
153.467	420	153.493	479
153.519	421	153.543	478
153.569	420	153.594	480
153.620	420	153.645	479
153.670	419	153.696	479
153.721	420	153.747	479
153.771	420	153.797	479
153.823	420	153.848	480
153.873	418	153.898	479
153.924	419	153.950	479
153.974	419	154.000	479
154.025	418	154.051	478
154.076	418	154.101	479
154.127	418	154.152	479
154.177	417	154.203	477
154.228	419	154.254	479
154.278	418	154.304	478
154.330	417	154.355	479
154.380	419	154.405	479
154.431	418	154.457	479
154.481	419	154.507	478
