#Creator: pendulumviewEventBuffer
#Creation time: Tue Mar 12 17:31:44 2024
#Time A	Pos A	Time B	Pos B
#[s]	[au]	[s]	[au]
0.026	297	0.051	354
0.076	323	0.102	403
0.127	353	0.153	459
0.177	387	0.203	517
0.229	422	0.254	579
0.279	458	0.304	638
0.330	491	0.356	691
0.380	522	0.406	736
0.431	548	0.457	770
0.481	568	0.507	793
0.533	580	0.558	802
0.583	584	0.608	795
0.634	579	0.660	778
0.684	569	0.710	749
0.735	549	0.761	708
0.786	526	0.811	659
0.837	493	0.862	603
0.887	460	0.913	543
0.938	423	0.964	483
0.988	388	1.014	427
1.040	352	1.065	376
1.090	321	1.115	335
1.141	295	1.167	303
1.191	276	1.217	282
1.242	263	1.268	277
1.292	260	1.318	285
1.344	261	1.369	306
1.394	272	1.419	339
1.445	290	1.471	381
1.495	315	1.521	430
1.546	345	1.572	486
1.597	379	1.622	544
1.648	415	1.673	599
1.698	452	1.724	652
1.749	487	1.775	700
1.799	520	1.825	739
1.851	548	1.876	769
1.901	568	1.926	786
1.952	582	1.978	789
2.002	588	2.028	779
2.053	585	2.079	761
2.103	574	2.129	729
2.155	555	2.180	688
2.205	530	2.230	639
2.256	498	2.282	586
2.306	464	2.332	530
2.357	427	2.383	474
2.408	391	2.433	422
2.459	356	2.484	376
2.509	324	2.535	338
2.560	296	2.586	308
2.610	276	2.636	292
2.662	262	2.687	290
2.712	257	2.737	300
2.763	259	2.789	322
2.813	269	2.839	354
2.864	286	2.890	396
2.914	310	2.940	444
2.966	340	2.991	498
3.016	374	3.041	553
3.067	409	3.093	609
3.117	447	3.143	659
3.168	483	3.194	702
3.219	516	3.244	740
3.270	546	3.295	766
3.320	567	3.346	778
3.371	582	3.397	777
3.421	589	3.447	766
3.473	589	3.498	745
3.523	579	3.548	713
3.574	561	3.600	671
3.624	537	3.650	622
3.675	506	3.701	569
3.725	472	3.751	514
3.777	434	3.802	462
3.827	397	3.852	411
3.878	360	3.904	368
3.928	326	3.954	334
3.979	298	4.005	311
4.031	274	4.055	300
4.081	258	4.106	302
4.132	252	4.157	315
4.182	252	4.208	340
4.233	262	4.258	375
4.284	278	4.309	418
4.335	303	4.359	467
4.385	334	4.411	519
4.436	368	4.461	572
4.486	406	4.512	622
4.538	444	4.562	668
4.588	482	4.613	707
4.639	518	4.663	738
4.689	548	4.715	758
4.740	572	4.765	765
4.790	589	4.816	760
4.842	596	4.866	748
4.892	596	4.917	724
4.943	587	4.968	690
4.993	569	5.019	649
5.044	543	5.069	602
5.095	511	5.120	553
5.146	476	5.170	500
5.196	436	5.222	453
5.247	397	5.272	409
5.297	358	5.323	371
5.349	322	5.373	342
5.399	292	5.424	322
5.450	269	5.474	316
5.500	252	5.526	319
5.551	246	5.576	334
5.601	246	5.627	360
5.653	255	5.677	393
5.703	274	5.728	434
5.754	298	5.779	480
5.804	331	5.830	529
5.855	367	5.880	578
5.906	405	5.931	625
5.957	449	5.981	667
6.007	486	6.033	704
6.058	522	6.083	731
6.108	554	6.134	749
6.160	579	6.184	751
6.210	595	6.235	746
6.261	603	6.285	732
6.311	603	6.337	708
6.362	593	6.387	674
6.412	573	6.438	635
6.464	547	6.488	590
6.514	513	6.539	542
6.565	475	6.590	494
6.615	436	6.641	448
6.666	394	6.691	407
6.717	354	6.742	373
6.768	317	6.792	348
6.818	286	6.844	331
6.869	261	6.894	328
6.919	245	6.945	334
6.971	239	6.995	349
7.021	240	7.046	376
7.072	250	7.096	411
7.122	269	7.148	451
7.173	295	7.199	496
7.223	329	7.249	542
7.275	367	7.300	588
7.325	408	7.350	631
7.376	450	7.402	669
7.426	491	7.452	700
7.477	528	7.503	722
7.528	562	7.553	735
7.579	587	7.604	737
7.629	604	7.655	730
7.680	612	7.706	714
7.730	610	7.756	688
7.782	598	7.807	656
7.832	576	7.857	617
7.883	550	7.909	575
7.933	514	7.959	531
7.984	474	8.010	486
8.034	431	8.060	446
8.086	389	8.111	409
8.136	347	8.161	380
8.187	309	8.213	359
8.237	277	8.263	348
8.288	252	8.314	346
8.339	236	8.364	353
8.390	231	8.415	370
8.440	235	8.466	396
8.491	245	8.517	428
8.541	268	8.567	466
8.593	295	8.618	506
8.643	331	8.668	548
8.694	371	8.720	590
8.744	414	8.770	629
8.795	458	8.821	663
8.845	500	8.871	690
8.897	539	8.922	710
8.947	572	8.972	718
8.998	599	9.024	720
9.048	613	9.074	713
9.099	618	9.125	697
9.150	615	9.175	673
9.201	602	9.226	642
9.251	578	9.277	606
9.302	548	9.328	568
9.352	510	9.378	527
9.404	468	9.429	487
9.454	424	9.479	449
9.505	380	9.531	415
9.555	338	9.581	389
9.606	299	9.632	371
9.656	268	9.682	362
9.708	244	9.733	360
9.758	229	9.783	367
9.809	226	9.835	385
9.859	230	9.885	408
9.910	244	9.936	438
9.961	267	9.986	475
10.012	298	10.037	514
10.062	335	10.088	553
10.113	379	10.139	591
10.163	422	10.189	627
10.215	467	10.240	657
10.265	511	10.290	682
10.316	549	10.342	698
10.366	581	10.392	704
10.417	606	10.443	706
10.468	620	10.493	698
10.519	625	10.544	682
10.569	619	10.594	659
10.620	603	10.646	630
10.670	577	10.696	596
10.721	544	10.747	560
10.772	504	10.797	522
10.823	460	10.848	484
10.873	414	10.899	452
10.924	369	10.950	423
10.974	327	11.000	399
11.026	290	11.051	384
11.076	258	11.101	377
11.127	235	11.153	376
11.177	223	11.203	384
11.228	220	11.254	400
11.279	228	11.304	423
11.330	243	11.355	451
11.380	269	11.405	483
11.431	303	11.457	518
11.481	343	11.507	554
11.532	386	11.558	588
11.583	433	11.608	620
11.634	480	11.659	647
11.685	523	11.710	668
11.735	560	11.761	683
11.786	593	11.811	691
11.837	615	11.862	691
11.888	625	11.912	684
11.938	629	11.964	669
11.989	621	12.014	648
12.039	601	12.065	622
12.091	573	12.115	591
12.141	537	12.166	558
12.192	495	12.216	525
12.242	449	12.268	491
12.293	402	12.318	458
12.343	357	12.369	433
12.395	315	12.419	412
12.445	277	12.470	399
12.496	248	12.521	390
12.546	227	12.572	390
12.597	217	12.622	397
12.648	220	12.673	411
12.699	228	12.723	431
12.749	248	12.775	457
12.800	277	12.825	486
12.850	312	12.876	518
12.902	354	12.926	551
12.952	400	12.977	583
13.003	446	13.028	613
13.053	491	13.079	638
13.104	535	13.129	657
13.154	572	13.180	671
13.206	602	13.230	678
13.256	621	13.281	679
13.307	631	13.332	672
13.357	629	13.383	659
13.408	619	13.433	640
13.459	596	13.484	615
13.510	565	13.534	588
13.560	527	13.586	557
13.611	484	13.636	527
13.661	436	13.687	496
13.713	390	13.737	467
13.763	344	13.788	443
13.814	303	13.839	424
13.864	266	13.890	410
13.915	239	13.940	402
13.965	222	13.991	402
14.017	216	14.041	408
14.067	219	14.092	421
14.118	231	14.143	438
14.168	253	14.194	462
14.219	285	14.244	489
14.270	323	14.295	518
14.321	366	14.345	547
14.371	413	14.397	576
14.422	460	14.447	603
14.472	506	14.498	627
14.524	547	14.548	645
14.574	581	14.599	659
14.625	609	14.650	667
14.675	626	14.701	667
14.726	632	14.752	663
14.776	628	14.802	651
14.828	614	14.853	634
14.878	589	14.903	612
14.929	555	14.955	588
14.979	513	15.005	559
15.030	469	15.056	532
15.081	422	15.106	503
15.132	376	15.157	477
15.182	331	15.208	454
15.233	292	15.259	435
15.283	258	15.309	421
15.335	233	15.360	413
15.385	220	15.410	411
15.436	216	15.462	415
15.486	222	15.512	426
15.537	237	15.563	442
15.588	263	15.613	463
15.639	296	15.664	487
15.689	336	15.714	513
15.740	381	15.766	541
15.790	428	15.816	568
15.841	475	15.867	594
15.892	521	15.917	617
15.943	558	15.968	635
15.993	591	16.019	649
16.044	615	16.070	657
16.094	628	16.120	660
16.146	631	16.171	656
16.196	623	16.221	646
16.247	605	16.273	632
16.297	577	16.323	614
16.348	542	16.374	590
16.399	500	16.424	565
16.450	454	16.475	538
16.500	406	16.525	511
16.551	361	16.577	486
16.601	320	16.627	463
16.652	281	16.678	444
16.703	250	16.728	430
16.754	230	16.779	421
16.804	218	16.830	416
16.855	220	16.881	421
16.905	229	16.931	429
16.957	247	16.982	443
17.007	275	17.032	461
17.058	310	17.084	484
17.108	352	17.134	508
17.159	396	17.185	535
17.210	443	17.235	560
17.261	487	17.286	585
17.311	531	17.336	608
17.362	568	17.388	627
17.412	597	17.438	641
17.463	618	17.489	650
17.514	627	17.539	655
17.565	626	17.590	652
17.615	616	17.641	645
17.666	594	17.692	632
17.716	563	17.742	615
17.768	527	17.793	592
17.818	484	17.843	570
17.869	439	17.895	544
17.919	392	17.945	518
17.970	348	17.996	494
18.021	308	18.046	471
18.072	273	18.097	452
18.122	246	18.148	437
18.173	229	18.199	426
18.223	222	18.249	422
18.274	225	18.300	423
18.325	237	18.350	429
18.376	258	18.401	442
18.427	288	18.452	458
18.477	325	18.503	479
18.528	367	18.553	502
18.579	412	18.604	530
18.630	458	18.654	553
18.680	501	18.706	578
18.731	541	18.756	600
18.781	575	18.807	621
18.833	601	18.857	636
18.883	617	18.908	646
18.934	624	18.959	653
18.984	619	19.010	652
19.035	606	19.060	645
19.085	581	19.111	635
19.137	550	19.161	619
19.187	510	19.212	598
19.238	468	19.263	576
19.288	423	19.314	550
19.339	379	19.364	525
19.390	337	19.415	499
19.441	299	19.465	476
19.491	266	19.517	456
19.542	244	19.567	440
19.592	231	19.618	428
19.644	228	19.668	422
19.694	233	19.719	422
19.745	248	19.770	428
19.795	272	19.821	439
19.846	304	19.871	455
19.896	341	19.922	473
19.948	383	19.972	496
19.998	427	20.023	522
20.049	472	20.074	547
20.099	513	20.125	573
20.150	549	20.175	595
20.201	579	20.226	617
20.252	601	20.276	633
20.302	613	20.328	646
20.353	617	20.378	652
20.403	609	20.429	653
20.455	593	20.479	649
20.505	566	20.530	638
20.556	533	20.581	624
20.606	494	20.632	604
20.657	452	20.682	581
20.708	409	20.733	557
20.759	366	20.783	529
20.809	325	20.834	504
20.860	293	20.885	479
20.910	264	20.936	458
20.961	245	20.986	441
21.012	236	21.037	428
21.063	236	21.087	422
21.113	244	21.139	417
21.164	262	21.189	423
21.214	287	21.240	435
21.266	320	21.290	450
21.316	358	21.341	469
21.367	398	21.392	492
21.417	442	21.443	517
21.468	482	21.494	543
21.519	521	21.544	570
21.570	556	21.595	595
21.620	581	21.645	617
21.671	599	21.697	635
21.721	607	21.747	647
21.772	607	21.798	655
21.823	597	21.848	658
21.874	577	21.899	652
21.924	550	21.950	643
21.975	515	22.001	628
22.025	477	22.051	608
22.077	437	22.102	585
22.127	395	22.152	559
22.178	356	22.204	532
22.228	320	22.254	504
22.279	288	22.305	479
22.330	264	22.355	458
22.381	249	22.406	439
22.431	243	22.456	424
22.482	246	22.508	415
22.532	256	22.558	416
22.583	276	22.609	419
22.634	302	22.659	429
22.685	337	22.710	445
22.735	373	22.761	465
22.786	412	22.812	488
22.836	453	22.862	515
22.888	492	22.913	542
22.938	527	22.963	570
22.989	557	23.015	596
23.039	579	23.065	619
23.090	592	23.116	637
23.141	598	23.166	652
23.192	596	23.217	659
23.242	582	23.268	662
23.293	560	23.319	657
23.343	534	23.369	645
23.394	500	23.420	632
23.445	464	23.470	611
23.496	424	23.521	587
23.546	384	23.572	560
23.597	349	23.623	532
23.647	314	23.673	505
23.699	288	23.724	477
23.749	266	23.774	454
23.800	256	23.826	435
23.850	253	23.876	421
23.901	257	23.927	411
23.952	269	23.977	410
24.003	290	24.028	414
24.053	319	24.079	424
24.104	351	24.130	440
24.154	387	24.180	462
24.205	425	24.231	487
24.256	463	24.281	515
24.307	499	24.332	544
24.357	530	24.383	571
24.408	556	24.434	599
24.458	575	24.484	623
24.510	585	24.535	642
24.560	588	24.585	656
24.611	583	24.637	665
24.661	568	24.687	667
24.712	547	24.738	661
24.763	519	24.788	652
24.814	486	24.839	634
24.864	450	24.890	614
24.915	414	24.941	585
24.965	377	24.991	559
25.016	343	25.042	530
25.067	314	25.092	500
25.118	290	25.143	472
25.168	275	25.194	448
25.219	265	25.245	430
25.269	265	25.295	414
25.321	270	25.346	405
25.371	285	25.396	404
25.422	306	25.448	409
25.472	333	25.498	421
25.523	364	25.549	439
25.574	399	25.599	461
25.625	434	25.650	488
25.675	469	25.701	517
25.726	502	25.752	547
25.776	530	25.802	578
25.828	553	25.853	604
25.878	568	25.903	629
25.929	576	25.954	648
25.979	577	26.005	662
26.030	569	26.056	670
26.080	556	26.106	672
26.132	532	26.157	666
26.182	506	26.207	653
26.233	473	26.259	636
26.283	440	26.309	612
26.334	405	26.360	585
26.385	372	26.410	556
26.436	342	26.461	525
26.486	315	26.512	495
26.537	296	26.563	466
26.587	281	26.613	441
26.639	274	26.664	421
26.689	276	26.714	408
26.740	285	26.765	399
26.790	299	26.816	399
26.841	320	26.867	407
26.891	347	26.917	419
26.943	375	26.968	438
26.993	408	27.018	464
27.044	442	27.070	491
27.094	473	27.120	522
27.145	503	27.171	553
27.196	527	27.221	584
27.247	547	27.272	612
27.297	560	27.323	637
27.348	565	27.374	656
27.398	563	27.424	668
27.450	555	27.475	676
27.500	540	27.525	676
27.551	519	27.576	668
27.601	492	27.627	654
27.652	462	27.678	636
27.702	431	27.728	609
27.754	400	27.779	580
27.804	370	27.829	550
27.855	342	27.881	518
27.905	319	27.931	486
27.956	301	27.982	458
28.007	291	28.032	433
28.058	286	28.083	414
28.108	289	28.134	401
28.159	296	28.185	395
28.209	313	28.235	396
28.261	333	28.286	404
28.311	358	28.336	419
28.362	385	28.388	440
28.412	415	28.438	465
28.463	445	28.489	496
28.513	475	28.539	529
28.565	501	28.590	560
28.615	522	28.640	592
28.666	539	28.692	620
28.716	549	28.742	645
28.767	554	28.793	663
28.818	550	28.843	675
28.869	542	28.894	680
28.919	526	28.945	679
28.970	506	28.996	668
29.020	482	29.046	653
29.072	455	29.097	630
29.122	425	29.147	605
29.173	397	29.199	574
29.223	370	29.249	542
29.274	345	29.300	509
29.324	326	29.350	477
29.376	312	29.401	449
29.426	300	29.451	424
29.477	298	29.503	405
29.527	301	29.553	395
29.578	310	29.604	390
29.629	324	29.654	394
29.680	344	29.705	404
29.730	367	29.756	421
29.781	393	29.807	444
29.831	420	29.857	472
29.883	447	29.908	504
29.933	473	29.958	537
29.984	496	30.010	570
30.034	515	30.060	601
30.085	530	30.111	630
30.135	538	30.161	654
30.187	542	30.212	670
30.237	539	30.262	680
30.288	530	30.314	683
30.338	516	30.364	679
30.389	496	30.415	668
30.441	474	30.465	650
30.491	448	30.516	625
30.542	423	30.567	597
30.592	396	30.618	566
30.643	372	30.668	532
30.694	350	30.719	498
30.745	332	30.769	467
30.795	319	30.821	440
30.846	312	30.871	417
30.896	310	30.922	400
30.948	312	30.972	391
30.998	320	31.023	388
31.049	334	31.073	393
31.099	352	31.125	407
31.150	373	31.175	426
31.200	398	31.226	452
31.252	422	31.276	480
31.302	448	31.327	513
31.353	469	31.378	547
31.403	490	31.429	580
31.454	509	31.479	611
31.505	521	31.530	638
31.556	528	31.580	661
31.606	531	31.632	675
31.657	528	31.682	683
31.707	520	31.733	684
31.759	506	31.783	678
31.809	489	31.834	664
31.860	468	31.884	644
31.910	446	31.936	619
31.961	421	31.986	588
32.011	398	32.037	556
32.063	376	32.087	521
32.113	356	32.138	488
32.164	341	32.189	457
32.214	328	32.240	430
32.265	321	32.290	409
32.316	319	32.341	395
32.367	322	32.391	387
32.417	330	32.443	387
32.468	342	32.493	396
32.518	358	32.544	411
32.570	378	32.594	433
32.620	399	32.645	460
32.671	421	32.695	491
32.721	443	32.747	524
32.772	464	32.797	558
32.822	484	32.848	590
32.874	500	32.898	621
32.924	512	32.949	646
32.975	520	33.000	666
33.025	521	33.051	679
33.076	519	33.101	685
33.127	511	33.152	683
33.178	499	33.202	674
33.228	482	33.254	658
33.279	466	33.304	636
33.329	447	33.355	608
33.381	423	33.405	577
33.431	403	33.456	544
33.482	382	33.506	510
33.532	365	33.558	477
33.583	349	33.609	448
33.633	338	33.659	422
33.685	331	33.710	404
33.735	329	33.760	392
33.786	330	33.812	387
33.836	337	33.862	390
33.887	347	33.913	401
33.938	363	33.963	418
33.989	379	34.014	442
34.039	398	34.065	470
34.090	418	34.116	502
34.140	439	34.166	536
34.192	459	34.217	569
34.242	477	34.267	600
34.293	492	34.319	629
34.343	503	34.369	653
34.394	510	34.420	669
34.444	514	34.470	680
34.496	512	34.521	684
34.546	506	34.571	680
34.597	495	34.623	668
34.647	482	34.673	650
34.698	464	34.724	626
34.749	446	34.774	597
34.800	427	34.825	566
34.850	407	34.876	532
34.901	388	34.927	499
34.951	371	34.977	467
35.003	356	35.028	439
35.053	345	35.078	417
35.104	338	35.130	402
35.154	335	35.180	392
35.205	336	35.231	389
35.255	342	35.281	395
35.307	350	35.332	407
35.357	363	35.382	427
35.408	379	35.434	452
35.458	396	35.484	483
35.509	416	35.535	514
35.560	434	35.585	547
35.611	453	35.636	579
35.661	469	35.687	609
35.712	485	35.738	636
35.762	496	35.788	658
35.814	504	35.839	672
35.864	507	35.889	680
35.915	507	35.941	680
35.965	502	35.991	673
36.016	494	36.042	660
36.066	482	36.092	640
36.118	467	36.143	616
36.168	449	36.193	586
36.219	431	36.245	553
36.269	412	36.295	521
36.320	394	36.346	488
36.371	378	36.396	460
36.422	364	36.447	433
36.472	352	36.498	413
36.523	344	36.549	400
36.573	340	36.599	393
36.625	339	36.650	394
36.675	343	36.700	401
36.726	351	36.752	417
36.776	363	36.802	437
36.827	377	36.853	463
36.877	393	36.903	494
36.929	410	36.954	526
36.979	429	37.004	558
37.030	447	37.056	589
37.080	465	37.106	618
37.131	479	37.157	642
37.182	491	37.207	660
37.233	499	37.258	671
37.284	504	37.309	677
37.334	505	37.360	674
37.385	501	37.410	666
37.436	494	37.461	650
37.487	483	37.511	630
37.537	469	37.563	603
37.588	453	37.613	573
37.638	436	37.664	542
37.690	418	37.714	509
37.740	399	37.765	479
37.791	383	37.815	451
37.841	368	37.867	429
37.892	357	37.917	412
37.942	346	37.968	402
37.994	342	38.018	397
38.044	341	38.069	398
38.095	344	38.120	410
38.145	350	38.171	427
38.196	361	38.221	449
38.247	374	38.272	476
38.298	389	38.322	505
38.348	407	38.374	537
38.399	425	38.424	568
38.449	442	38.475	597
38.501	459	38.525	623
38.551	475	38.576	644
38.602	487	38.626	659
38.652	497	38.678	669
38.703	502	38.728	672
38.753	504	38.779	667
38.805	502	38.829	656
38.855	496	38.880	639
38.906	486	38.931	617
38.956	473	38.982	591
39.007	458	39.032	562
39.058	440	39.083	530
39.109	422	39.133	500
39.159	405	39.185	473
39.210	387	39.235	446
39.260	372	39.286	427
39.312	359	39.336	412
39.362	349	39.387	405
39.413	342	39.437	403
39.463	340	39.489	408
39.514	342	39.539	420
39.564	348	39.590	438
39.616	357	39.640	461
39.666	370	39.691	488
39.717	385	39.742	518
39.767	402	39.793	547
39.818	419	39.843	578
39.869	438	39.894	603
39.920	455	39.944	626
39.970	472	39.996	645
40.021	485	40.046	658
40.071	496	40.097	664
40.123	503	40.147	665
40.173	506	40.198	657
40.224	504	40.248	646
40.274	499	40.300	628
40.325	490	40.351	605
40.375	477	40.401	579
40.427	461	40.452	549
40.477	443	40.502	520
40.528	426	40.554	492
40.578	406	40.604	466
40.629	389	40.655	444
40.680	371	40.705	428
40.731	359	40.756	415
40.781	350	40.807	410
40.832	341	40.858	411
40.882	338	40.908	416
40.934	339	40.959	433
40.984	345	41.009	450
41.035	354	41.061	474
41.085	367	41.111	499
41.136	381	41.162	528
41.186	400	41.212	556
41.238	418	41.263	583
41.288	437	41.313	608
41.339	455	41.365	627
41.389	472	41.415	643
41.440	487	41.466	653
41.491	498	41.516	658
41.542	506	41.567	656
41.592	509	41.618	647
41.643	508	41.669	634
41.693	503	41.719	615
41.745	493	41.770	592
41.795	480	41.820	567
41.846	465	41.872	540
41.896	446	41.922	512
41.947	426	41.973	487
41.997	408	42.023	464
42.049	389	42.074	444
42.099	372	42.124	430
42.150	357	42.176	421
42.200	347	42.226	417
42.251	338	42.277	420
42.302	335	42.327	429
42.353	336	42.378	441
42.403	341	42.429	462
42.454	350	42.480	485
42.504	363	42.530	510
42.556	379	42.581	536
42.606	398	42.631	562
42.657	418	42.683	586
42.707	438	42.733	608
42.758	455	42.784	625
42.808	474	42.834	639
42.860	489	42.885	647
42.910	502	42.935	650
42.961	510	42.987	645
43.011	513	43.037	636
43.062	512	43.088	622
43.113	506	43.138	601
43.164	496	43.189	581
43.214	484	43.240	558
43.265	467	43.291	531
43.315	447	43.341	508
43.367	427	43.392	484
43.417	407	43.442	463
43.468	387	43.494	446
43.518	369	43.544	435
43.569	354	43.595	427
43.620	342	43.645	426
43.671	334	43.696	431
43.721	331	43.746	440
43.772	332	43.798	454
43.822	338	43.848	473
43.873	348	43.899	495
43.924	362	43.949	518
43.975	379	44.000	542
44.025	398	44.051	566
44.076	419	44.102	588
44.126	439	44.152	607
44.178	460	44.203	620
44.228	478	44.253	633
44.279	494	44.305	639
44.329	506	44.355	639
44.380	514	44.406	635
44.431	517	44.456	624
44.482	516	44.507	611
44.532	509	44.557	594
44.583	498	44.609	572
44.633	484	44.659	548
44.684	466	44.710	527
44.735	445	44.760	504
44.786	425	44.811	482
44.837	403	44.862	465
44.887	383	44.913	451
44.938	365	44.963	441
44.989	349	45.014	436
45.040	337	45.064	435
45.090	330	45.116	442
45.141	325	45.166	451
45.191	328	45.217	465
45.243	336	45.267	483
45.293	346	45.318	504
45.344	361	45.368	525
45.394	379	45.420	547
45.445	399	45.470	568
45.495	422	45.521	587
45.547	444	45.571	604
45.597	464	45.622	617
45.648	483	45.673	626
45.698	499	45.724	629
45.749	511	45.774	629
45.800	519	45.825	624
45.851	521	45.875	615
45.901	519	45.927	601
45.952	512	45.977	584
46.002	500	46.028	564
46.054	484	46.078	544
46.104	465	46.129	523
46.155	443	46.180	503
46.205	421	46.231	486
46.256	398	46.281	469
46.306	378	46.332	458
46.358	359	46.382	449
46.408	344	46.433	445
46.459	332	46.484	446
46.509	324	46.535	451
46.560	322	46.585	461
46.611	326	46.636	474
46.662	334	46.686	491
46.712	347	46.738	510
46.763	363	46.788	530
46.813	382	46.839	548
46.865	404	46.889	568
46.915	428	46.940	585
46.966	449	46.991	599
47.016	471	47.042	610
47.067	489	47.092	618
47.117	505	47.143	620
47.169	516	47.193	619
47.219	523	47.244	614
47.270	524	47.295	605
47.320	521	47.346	592
47.371	512	47.396	576
47.422	498	47.447	559
47.473	481	47.497	541
47.523	461	47.549	523
47.574	438	47.599	504
47.624	417	47.650	488
47.676	393	47.700	474
47.726	372	47.751	464
47.777	353	47.802	457
47.827	338	47.853	453
47.878	329	47.904	456
47.928	321	47.954	461
47.980	321	48.005	470
48.030	325	48.055	482
48.081	335	48.107	497
48.131	349	48.157	514
48.182	366	48.208	531
48.233	387	48.258	548
48.284	410	48.309	565
48.334	433	48.360	580
48.385	456	48.411	594
48.435	477	48.461	603
48.487	495	48.512	609
48.537	511	48.562	611
48.588	520	48.614	611
48.638	527	48.664	606
48.689	527	48.715	596
48.740	521	48.765	585
48.791	511	48.816	572
48.841	496	48.866	557
48.892	477	48.918	539
48.942	455	48.968	523
48.993	432	49.019	507
49.044	408	49.069	492
49.095	386	49.120	481
49.145	365	49.171	472
49.196	347	49.222	466
49.246	333	49.272	463
49.298	323	49.323	465
49.348	318	49.373	468
49.399	320	49.425	478
49.449	326	49.475	488
49.500	337	49.526	501
49.551	352	49.576	516
49.602	372	49.627	531
49.652	393	49.677	546
49.703	417	49.729	561
49.753	441	49.779	575
49.804	463	49.830	586
49.855	484	49.880	595
49.906	502	49.931	601
49.956	516	49.982	602
50.007	525	50.033	602
50.057	529	50.083	597
50.109	527	50.134	590
50.159	519	50.184	580
50.210	507	50.236	568
50.260	491	50.286	555
50.311	471	50.337	539
50.362	448	50.387	526
50.413	424	50.438	511
50.463	400	50.488	499
50.514	380	50.540	488
50.564	356	50.590	481
50.615	341	50.641	474
50.666	328	50.691	471
50.717	320	50.742	472
50.767	318	50.793	476
50.818	321	50.844	483
50.868	329	50.894	492
50.920	341	50.945	503
50.970	358	50.995	516
51.021	378	51.047	530
51.071	401	51.097	543
51.122	425	51.148	556
51.173	449	51.198	569
51.224	471	51.249	578
51.274	491	51.300	587
51.325	508	51.351	592
51.375	520	51.401	594
51.426	527	51.452	595
51.477	529	51.502	591
51.528	525	51.553	586
51.579	516	51.604	577
51.629	502	51.655	566
51.680	485	51.705	554
51.731	463	51.756	542
51.782	440	51.806	529
51.832	414	51.858	516
51.883	392	51.908	505
51.933	370	51.959	495
51.985	351	52.009	487
52.035	336	52.060	480
52.086	325	52.111	479
52.136	319	52.162	478
52.187	319	52.212	481
52.237	323	52.263	486
52.289	333	52.313	495
52.339	347	52.364	502
52.390	366	52.415	515
52.440	387	52.466	527
52.491	410	52.516	541
52.542	434	52.567	551
52.593	457	52.617	563
52.643	479	52.669	572
52.694	497	52.719	580
52.744	513	52.770	585
52.796	523	52.820	588
52.846	528	52.871	589
52.897	527	52.922	587
52.947	522	52.973	582
52.998	510	53.023	575
53.048	496	53.074	566
53.100	476	53.124	557
53.150	455	53.175	545
53.201	431	53.226	533
53.251	407	53.277	521
53.302	384	53.327	510
53.353	364	53.378	500
53.404	347	53.428	493
53.454	333	53.480	485
53.505	323	53.530	484
53.555	321	53.581	483
53.607	321	53.631	484
53.657	327	53.682	489
53.708	340	53.733	495
53.758	356	53.784	503
53.809	374	53.834	513
53.860	397	53.885	522
53.911	418	53.935	535
53.961	443	53.986	546
54.012	465	54.037	557
54.062	485	54.088	567
54.113	502	54.138	574
54.164	516	54.189	580
54.215	524	54.239	585
54.265	526	54.291	585
54.316	525	54.341	584
54.366	516	54.392	581
54.418	503	54.442	575
54.468	487	54.493	568
54.519	467	54.544	559
54.569	445	54.595	547
54.620	421	54.646	537
54.671	399	54.696	527
54.722	376	54.747	516
54.772	358	54.797	506
54.823	343	54.849	497
54.873	330	54.899	492
54.924	324	54.950	487
54.975	322	55.000	486
55.026	326	55.051	486
55.076	335	55.102	489
55.127	347	55.153	494
55.177	364	55.203	502
55.229	384	55.254	510
55.279	406	55.304	521
55.330	429	55.356	531
55.380	451	55.406	542
55.431	472	55.457	552
55.482	491	55.507	562
55.533	506	55.558	570
55.583	517	55.608	577
55.634	523	55.660	581
55.684	523	55.710	583
55.735	519	55.761	583
55.786	511	55.811	581
55.837	495	55.862	576
55.887	478	55.913	569
55.938	457	55.964	561
55.988	435	56.014	551
56.040	412	56.065	541
56.090	390	56.115	530
56.141	371	56.167	519
56.191	352	56.217	510
56.242	339	56.268	501
56.293	331	56.318	493
56.344	325	56.369	489
56.394	326	56.420	487
56.445	331	56.471	486
56.495	341	56.521	488
56.546	356	56.572	493
56.597	373	56.622	499
56.648	394	56.673	507
56.698	415	56.724	518
56.749	438	56.775	527
56.799	460	56.825	538
56.851	478	56.876	549
56.901	496	56.926	559
56.952	507	56.978	568
57.002	518	57.028	575
57.053	520	57.079	580
57.104	519	57.129	583
57.155	512	57.180	584
57.205	501	57.231	582
57.256	486	57.282	578
57.306	468	57.332	571
57.357	447	57.383	563
57.408	425	57.433	554
57.459	404	57.484	544
57.509	384	57.535	534
57.560	366	57.586	522
57.610	352	57.636	512
57.662	338	57.687	502
57.712	332	57.737	494
57.763	329	57.789	489
57.813	332	57.839	485
57.864	339	57.890	484
57.915	350	57.940	486
57.966	366	57.991	490
58.016	384	58.042	496
58.067	404	58.093	504
58.117	423	58.143	515
58.168	445	58.194	525
58.219	465	58.244	536
58.270	483	58.295	547
58.320	497	58.346	558
58.371	508	58.397	567
58.421	511	58.447	575
58.473	515	58.498	581
58.523	512	58.548	584
58.574	504	58.600	586
58.624	492	58.650	584
58.675	476	58.701	581
58.726	460	58.751	574
58.777	437	58.802	566
58.827	417	58.853	556
58.878	397	58.904	545
58.928	378	58.954	534
58.980	363	59.005	522
59.030	350	59.055	511
59.081	340	59.106	502
59.131	334	59.157	493
59.182	335	59.208	488
59.232	339	59.258	484
59.284	348	59.309	482
59.334	360	59.359	484
59.385	375	59.411	488
59.435	393	59.461	494
59.486	413	59.512	503
59.537	433	59.562	512
59.588	452	59.613	524
59.638	470	59.664	535
59.689	486	59.715	548
59.739	499	59.765	558
59.791	506	59.816	568
59.841	510	59.866	576
59.892	510	59.917	583
59.942	504	59.968	586
59.993	495	60.019	588
60.043	482	60.069	586
60.095	466	60.120	582
60.145	448	60.170	575
60.196	430	60.222	567
60.246	409	60.272	557
60.297	391	60.323	546
60.348	374	60.373	534
60.399	361	60.424	521
60.449	349	60.475	510
60.500	343	60.526	500
60.550	338	60.576	491
60.602	341	60.627	485
60.652	346	60.677	481
60.703	357	60.728	480
60.753	369	60.779	482
60.804	385	60.830	486
60.854	403	60.880	493
60.906	421	60.931	500
60.956	440	60.981	512
61.007	458	61.033	524
61.057	472	61.083	536
61.108	487	61.134	549
61.159	497	61.184	559
61.210	502	61.235	570
61.260	504	61.286	579
61.311	502	61.337	586
61.361	496	61.387	588
61.413	485	61.438	590
61.463	473	61.488	588
61.514	456	61.540	583
61.564	440	61.590	576
61.615	422	61.641	567
61.665	403	61.691	557
61.717	388	61.742	544
61.767	371	61.792	531
61.818	361	61.844	519
61.868	352	61.894	507
61.919	347	61.945	498
61.970	346	61.995	488
62.021	349	62.046	482
62.071	356	62.097	478
62.122	366	62.148	478
62.172	379	62.198	480
62.224	394	62.249	484
62.274	411	62.299	492
62.325	428	62.351	502
62.375	444	62.401	513
62.426	459	62.452	526
62.476	475	62.502	539
62.528	485	62.553	551
62.578	493	62.603	563
62.629	498	62.655	574
62.679	498	62.705	580
62.730	494	62.756	588
62.781	487	62.806	591
62.832	477	62.857	592
62.882	463	62.908	589
62.933	448	62.959	584
62.983	432	63.009	575
63.035	417	63.060	566
63.085	398	63.110	554
63.136	385	63.162	541
63.186	372	63.212	529
63.237	362	63.263	515
63.287	356	63.313	504
63.339	352	63.364	494
63.389	354	63.414	484
63.440	357	63.466	478
63.490	364	63.516	475
63.541	375	63.567	475
63.593	387	63.617	478
63.643	402	63.668	484
63.694	417	63.719	493
63.744	433	63.770	504
63.795	449	63.820	515
63.846	463	63.871	529
63.897	474	63.921	542
63.947	484	63.973	555
63.998	489	64.023	567
64.048	492	64.074	577
64.100	489	64.124	586
64.150	486	64.175	591
64.201	478	64.225	593
64.251	468	64.277	594
64.302	455	64.327	590
64.352	441	64.378	584
64.404	426	64.428	575
64.454	411	64.479	564
64.505	397	64.530	552
64.555	384	64.581	536
64.606	373	64.631	524
64.657	366	64.682	511
64.708	361	64.732	499
64.758	359	64.784	488
64.809	360	64.834	480
64.859	366	64.885	475
64.911	374	64.935	473
64.961	383	64.986	474
65.012	396	65.036	478
65.062	408	65.088	484
65.113	423	65.138	494
65.163	437	65.189	506
65.215	450	65.239	519
65.265	463	65.290	532
65.316	473	65.341	546
65.366	479	65.392	561
65.417	484	65.442	572
65.468	486	65.493	582
65.519	483	65.543	589
65.569	478	65.595	594
65.620	469	65.645	595
65.670	459	65.696	594
65.722	448	65.746	589
65.772	435	65.797	582
65.823	421	65.847	572
65.873	408	65.899	560
65.924	396	65.949	548
65.974	385	66.000	533
66.026	376	66.050	520
66.076	370	66.101	506
66.127	366	66.152	495
66.177	365	66.203	484
66.228	368	66.253	477
66.279	374	66.304	473
66.330	381	66.354	472
66.380	389	66.406	473
66.431	402	66.456	479
66.481	415	66.507	487
66.533	427	66.557	498
66.583	440	66.608	510
66.634	451	66.658	521
66.684	461	66.710	537
66.735	467	66.761	552
66.785	475	66.811	565
66.837	478	66.862	575
66.887	478	66.912	585
66.938	476	66.964	592
66.988	470	67.014	595
67.039	463	67.065	596
67.090	454	67.115	594
67.141	442	67.166	588
67.191	431	67.217	579
67.242	418	67.268	568
67.292	407	67.318	556
67.344	397	67.369	541
67.394	386	67.419	528
67.445	380	67.471	514
67.495	375	67.521	501
67.546	371	67.572	489
67.596	373	67.622	481
67.648	374	67.673	475
67.698	380	67.723	471
67.749	387	67.775	472
67.799	397	67.825	475
67.850	407	67.876	481
67.901	417	67.926	490
67.952	429	67.977	501
68.002	440	68.028	514
68.053	450	68.079	529
68.103	459	68.129	542
68.155	463	68.180	557
68.205	469	68.230	569
68.256	473	68.282	580
68.306	471	68.332	589
68.357	468	68.383	595
68.407	464	68.433	596
68.459	456	68.484	596
68.509	448	68.534	590
68.560	438	68.586	584
68.610	428	68.636	576
68.661	417	68.687	564
68.712	407	68.737	550
68.763	398	68.788	536
68.813	390	68.839	522
68.864	385	68.890	509
68.914	381	68.940	496
68.966	380	68.991	486
69.016	379	69.041	478
69.067	382	69.093	474
69.117	387	69.143	471
69.168	393	69.194	472
69.218	401	69.244	477
69.270	410	69.295	485
69.320	420	69.345	495
69.371	430	69.397	506
69.421	439	69.447	520
69.472	448	69.498	534
69.523	454	69.548	549
69.574	460	69.599	562
69.624	464	69.650	574
69.675	465	69.701	584
69.725	465	69.751	591
69.777	462	69.802	595
69.827	458	69.852	596
69.878	451	69.904	594
69.928	444	69.954	588
69.979	437	70.005	580
70.029	427	70.055	570
70.081	419	70.106	558
70.131	409	70.156	545
70.182	401	70.208	531
70.232	394	70.258	517
70.283	389	70.309	503
70.334	385	70.359	491
70.385	384	70.410	484
70.436	386	70.461	476
70.486	388	70.512	473
70.537	391	70.562	472
70.588	397	70.613	475
70.639	405	70.663	481
70.689	413	70.715	489
70.740	420	70.765	500
70.790	429	70.816	513
70.842	437	70.866	527
70.892	444	70.917	541
70.943	451	70.967	553
70.993	455	71.019	566
71.044	459	71.069	577
71.094	460	71.120	585
71.146	459	71.170	592
71.196	457	71.221	592
71.247	453	71.272	594
71.297	448	71.323	591
71.348	442	71.373	584
71.399	436	71.424	575
71.450	427	71.474	565
71.500	418	71.526	551
71.551	411	71.576	538
71.601	404	71.627	525
71.653	399	71.677	511
71.703	392	71.728	499
71.754	391	71.778	489
71.804	390	71.830	481
71.855	390	71.880	476
71.905	392	71.931	474
71.957	396	71.981	475
72.007	401	72.032	478
72.058	407	72.083	485
72.108	413	72.134	495
72.159	421	72.184	506
72.210	429	72.235	519
72.261	435	72.285	532
72.311	441	72.337	546
72.362	447	72.387	558
72.412	451	72.438	570
72.464	454	72.488	579
72.514	455	72.539	586
72.565	455	72.589	592
72.615	453	72.641	592
72.666	449	72.691	591
72.716	445	72.742	586
72.768	441	72.792	580
72.818	433	72.843	570
72.869	427	72.894	558
72.919	420	72.945	545
72.970	414	72.995	533
73.021	408	73.046	517
73.072	402	73.096	506
73.122	399	73.148	496
73.173	395	73.198	487
73.223	394	73.249	480
73.275	395	73.299	476
73.325	396	73.350	474
73.376	400	73.400	478
73.426	402	73.452	484
73.477	407	73.503	491
73.527	413	73.553	500
73.579	420	73.604	512
73.629	425	73.654	525
73.680	431	73.706	538
73.730	438	73.756	551
73.781	443	73.807	563
73.832	447	73.857	572
73.883	450	73.908	580
73.933	451	73.959	586
73.984	452	74.010	590
74.034	451	74.060	589
74.086	448	74.111	586
74.136	444	74.161	581
74.187	439	74.213	572
74.237	435	74.263	563
74.288	429	74.314	552
74.338	423	74.364	540
74.390	417	74.415	527
74.440	411	74.465	514
74.491	407	74.517	502
74.541	403	74.567	493
74.592	400	74.618	486
74.643	398	74.668	481
74.694	397	74.719	479
74.744	398	74.770	479
74.795	401	74.821	483
74.845	403	74.871	489
74.897	407	74.922	497
74.947	411	74.972	508
74.998	417	75.024	518
75.048	423	75.074	531
75.099	429	75.125	543
75.149	434	75.175	555
75.201	439	75.226	564
75.251	443	75.276	572
75.302	447	75.328	580
75.352	449	75.378	585
75.403	450	75.429	586
75.454	449	75.479	584
75.505	447	75.530	580
75.555	445	75.581	575
75.606	440	75.632	567
75.656	436	75.682	555
75.708	430	75.733	545
75.758	426	75.783	534
75.809	418	75.835	522
75.859	415	75.885	511
75.910	410	75.936	500
75.960	405	75.986	491
76.012	402	76.037	487
76.062	400	76.087	483
76.113	399	76.139	482
76.163	399	76.189	484
76.214	401	76.240	489
76.265	402	76.290	495
76.316	407	76.341	504
76.366	411	76.392	515
76.417	416	76.443	525
76.467	421	76.493	536
76.519	427	76.544	547
76.569	432	76.594	558
76.620	437	76.646	566
76.670	441	76.696	574
76.721	446	76.747	579
76.772	446	76.797	581
76.823	448	76.848	581
76.873	448	76.898	579
76.924	447	76.950	575
76.974	446	77.000	568
77.025	441	77.051	560
77.076	437	77.101	550
77.127	433	77.152	539
77.177	427	77.203	530
77.228	422	77.254	516
77.278	417	77.304	508
77.330	412	77.355	500
77.380	408	77.405	493
77.431	404	77.457	489
77.481	402	77.507	487
77.532	400	77.558	487
77.583	397	77.608	490
77.634	401	77.659	495
77.684	402	77.709	502
77.735	405	77.761	510
77.785	409	77.811	521
77.836	414	77.862	530
77.887	419	77.912	540
77.938	425	77.963	549
77.989	430	78.014	559
78.039	435	78.065	567
78.090	440	78.115	572
78.141	444	78.166	576
78.192	447	78.216	578
78.242	448	78.268	576
78.293	449	78.318	573
78.343	447	78.369	568
78.395	447	78.419	562
78.445	443	78.470	553
78.496	439	78.520	544
78.546	434	78.572	534
78.597	429	78.622	525
78.647	423	78.673	516
78.699	418	78.723	505
78.749	412	78.774	500
78.800	408	78.825	495
78.850	405	78.876	492
78.901	401	78.926	492
78.952	400	78.977	492
79.003	399	79.027	495
79.053	400	79.079	501
79.104	402	79.129	508
79.154	404	79.180	516
79.206	408	79.230	525
79.256	413	79.281	534
79.307	418	79.332	543
79.357	423	79.383	549
79.408	430	79.433	559
79.458	435	79.484	566
79.510	440	79.534	570
79.560	444	79.585	572
79.611	446	79.636	573
79.661	448	79.687	571
79.712	449	79.737	566
79.763	448	79.788	562
79.814	447	79.838	555
79.864	444	79.890	547
79.915	440	79.940	540
79.965	435	79.991	530
80.017	430	80.041	522
80.067	424	80.092	513
80.118	418	80.143	507
80.168	413	80.194	502
80.219	407	80.244	496
80.269	404	80.295	496
80.321	401	80.345	496
80.371	397	80.396	498
80.422	398	80.447	500
80.472	399	80.498	509
80.523	402	80.548	514
80.574	403	80.599	521
80.625	408	80.649	529
80.675	412	80.701	537
80.726	418	80.751	545
80.776	423	80.802	552
80.828	429	80.852	558
80.878	435	80.903	562
80.929	440	80.954	566
80.979	444	81.005	567
81.030	449	81.056	566
81.080	449	81.106	565
81.132	450	81.157	562
81.182	449	81.207	556
81.233	448	81.259	550
81.283	444	81.309	543
81.334	441	81.360	535
81.385	435	81.410	529
81.436	430	81.461	521
81.486	424	81.512	515
81.537	418	81.563	509
81.587	412	81.613	505
81.639	408	81.664	502
81.689	403	81.714	501
81.740	400	81.766	502
81.790	398	81.816	505
81.841	398	81.867	508
81.892	398	81.917	513
81.943	400	81.968	519
81.993	403	82.018	525
82.044	407	82.070	532
82.094	413	82.120	540
82.145	419	82.171	546
82.196	424	82.221	551
82.247	431	82.272	556
82.297	436	82.323	559
82.348	440	82.374	561
82.398	445	82.424	562
82.450	449	82.475	561
82.500	451	82.525	559
82.551	451	82.577	555
82.601	450	82.627	548
82.652	448	82.678	545
82.703	445	82.728	539
82.754	440	82.779	532
82.804	435	82.829	527
82.855	428	82.881	521
82.905	423	82.931	516
82.956	416	82.982	512
83.007	409	83.032	509
83.058	406	83.083	508
83.108	402	83.134	506
83.159	399	83.185	507
83.209	397	83.235	510
83.261	396	83.286	514
83.311	398	83.336	517
83.362	400	83.388	522
83.412	403	83.438	528
83.463	408	83.489	534
83.514	414	83.539	539
83.565	420	83.590	544
83.615	426	83.640	549
83.666	432	83.692	552
83.716	438	83.742	555
83.767	443	83.793	556
83.818	449	83.843	556
83.869	450	83.894	555
83.919	452	83.945	553
83.970	452	83.996	550
84.020	451	84.046	547
84.072	448	84.097	543
84.122	445	84.147	536
84.173	440	84.199	531
84.223	433	84.249	527
84.274	427	84.300	522
84.325	421	84.350	518
84.376	414	84.401	516
84.426	409	84.452	513
84.477	404	84.503	513
84.527	400	84.553	512
84.578	398	84.604	513
84.629	396	84.654	515
84.680	397	84.705	519
84.731	398	84.756	522
84.781	401	84.807	526
84.832	406	84.857	528
84.883	410	84.908	535
84.934	416	84.958	538
84.984	422	85.010	543
85.035	428	85.060	546
85.085	434	85.111	548
85.137	440	85.161	551
85.187	445	85.212	551
85.238	448	85.263	550
85.288	451	85.314	549
85.339	452	85.364	547
85.389	452	85.415	545
85.441	450	85.465	542
85.491	446	85.516	538
85.542	443	85.567	535
85.592	437	85.618	531
85.643	431	85.668	527
85.694	424	85.719	525
85.745	418	85.769	522
85.795	412	85.821	519
85.846	407	85.871	518
85.896	402	85.922	518
85.948	399	85.972	518
85.998	397	86.023	517
86.049	396	86.074	520
86.099	397	86.125	522
86.150	399	86.175	525
86.200	402	86.226	528
86.252	407	86.276	531
86.302	413	86.327	534
86.353	418	86.378	537
86.403	425	86.429	541
86.454	431	86.479	542
86.505	437	86.530	544
86.556	441	86.580	545
86.606	447	86.632	546
86.657	449	86.682	546
86.707	452	86.733	545
86.759	452	86.783	543
86.809	451	86.834	541
86.860	448	86.885	539
86.910	445	86.936	537
86.961	440	86.986	534
87.012	435	87.037	532
87.063	429	87.087	530
87.113	421	87.138	527
87.164	416	87.189	525
87.214	410	87.240	524
87.265	405	87.290	522
87.316	401	87.341	522
87.367	399	87.391	523
87.417	397	87.443	523
87.468	397	87.493	523
87.518	399	87.544	525
87.570	401	87.594	527
87.620	405	87.645	529
87.671	410	87.696	530
87.721	415	87.747	533
87.772	421	87.798	535
87.823	428	87.848	537
87.874	434	87.899	538
87.924	439	87.949	539
87.975	445	88.001	541
88.025	448	88.051	541
88.076	451	88.102	541
88.127	451	88.152	540
88.178	451	88.203	540
88.228	450	88.254	539
88.279	446	88.305	537
88.329	441	88.355	536
88.381	437	88.406	533
88.431	431	88.456	533
88.482	425	88.508	532
88.532	419	88.558	531
88.583	413	88.609	528
88.634	408	88.659	528
88.685	403	88.710	526
88.735	400	88.760	525
88.786	398	88.812	527
88.836	397	88.862	526
88.887	399	88.913	527
88.938	400	88.963	528
88.989	403	89.014	528
89.039	408	89.065	529
89.090	414	89.116	530
89.140	419	89.166	532
89.192	425	89.217	533
89.242	431	89.267	534
89.293	437	89.319	535
89.343	442	89.369	537
89.394	446	89.420	536
89.445	449	89.470	538
89.496	450	89.521	537
89.546	451	89.572	538
89.597	449	89.623	537
89.647	447	89.673	537
89.698	444	89.724	535
89.749	438	89.774	535
89.800	433	89.825	533
89.850	426	89.876	534
89.901	421	89.927	531
89.951	415	89.977	532
90.003	410	90.028	530
90.053	406	90.078	530
90.104	402	90.130	530
90.154	400	90.180	529
90.205	398	90.231	529
90.256	398	90.281	529
90.307	400	90.332	528
90.357	402	90.383	529
90.408	407	90.434	530
90.458	411	90.484	530
90.509	419	90.535	530
90.560	423	90.585	531
90.611	429	90.636	532
90.661	434	90.687	532
90.712	440	90.738	533
90.762	445	90.788	533
90.814	447	90.839	534
90.864	450	90.889	534
90.915	449	90.941	535
90.965	449	90.991	536
91.016	447	91.042	534
91.067	443	91.092	536
91.118	439	91.143	535
91.168	435	91.194	534
91.219	429	91.245	534
91.269	422	91.295	534
91.320	418	91.346	532
91.371	413	91.396	533
91.422	408	91.447	532
91.472	404	91.498	532
91.523	401	91.549	532
91.573	400	91.599	531
91.625	400	91.650	530
91.675	401	91.700	531
91.726	403	91.752	530
91.776	406	91.802	531
91.827	411	91.853	530
91.878	416	91.903	530
91.929	421	91.954	531
91.979	427	92.005	531
92.030	432	92.056	532
92.080	438	92.106	533
92.132	442	92.157	533
92.182	446	92.207	533
92.233	447	92.258	534
92.283	448	92.309	534
92.334	448	92.360	534
92.384	446	92.410	534
92.436	444	92.461	534
92.486	441	92.511	534
92.537	436	92.563	534
92.587	431	92.613	534
92.638	425	92.664	534
92.689	420	92.714	533
92.740	415	92.765	534
92.790	411	92.816	533
92.841	406	92.867	532
92.891	403	92.917	532
92.943	400	92.968	531
92.993	400	93.018	531
93.044	401	93.069	531
93.094	403	93.120	530
93.145	405	93.171	533
93.195	410	93.221	530
93.247	413	93.272	531
93.297	420	93.322	531
93.348	425	93.374	531
93.398	430	93.424	531
93.449	436	93.475	532
93.500	439	93.525	532
93.551	444	93.576	533
93.601	446	93.627	532
93.652	447	93.678	533
93.702	445	93.728	534
93.754	446	93.779	534
93.804	444	93.829	534
93.855	441	93.880	534
93.905	437	93.931	534
93.956	432	93.982	534
94.006	427	94.032	534
94.058	422	94.083	533
94.108	418	94.133	533
94.159	412	94.185	533
94.209	408	94.235	532
94.260	405	94.286	532
94.311	403	94.336	531
94.362	401	94.387	531
94.412	400	94.438	530
94.463	403	94.489	531
94.513	406	94.539	531
94.565	409	94.590	530
94.615	414	94.640	531
94.666	419	94.692	531
94.716	423	94.742	531
94.767	429	94.793	531
94.817	433	94.843	532
94.869	439	94.894	532
94.919	441	94.944	533
94.970	444	94.996	532
95.020	444	95.046	533
95.071	447	95.097	534
95.122	445	95.147	534
95.173	444	95.198	534
95.223	441	95.249	534
95.274	437	95.300	533
95.324	433	95.350	535
95.376	428	95.401	533
95.426	424	95.451	532
95.477	418	95.503	533
95.527	414	95.553	532
95.578	409	95.604	533
95.628	407	95.654	532
95.680	404	95.705	532
95.730	403	95.755	531
95.781	404	95.807	531
95.831	404	95.857	530
95.882	407	95.908	531
95.933	409	95.958	531
95.984	415	96.009	530
96.034	417	96.060	529
96.085	422	96.111	531
96.135	426	96.161	532
96.187	431	96.212	532
96.237	435	96.262	531
96.288	440	96.314	533
96.338	442	96.364	533
96.389	445	96.415	533
96.439	445	96.465	533
96.491	445	96.516	534
96.541	443	96.566	532
96.592	441	96.618	534
96.642	439	96.668	534
96.693	436	96.719	534
96.744	429	96.769	534
96.795	426	96.820	533
96.845	420	96.871	533
96.896	415	96.922	533
96.946	412	96.972	532
96.998	408	97.023	532
97.048	406	97.073	531
97.099	404	97.125	532
97.149	404	97.175	532
97.200	404	97.226	531
97.250	406	97.276	530
97.302	409	97.327	530
97.353	413	97.377	530
97.403	418	97.429	531
97.454	419	97.479	531
97.504	426	97.530	531
97.556	430	97.580	531
97.606	435	97.631	531
97.657	438	97.682	531
97.707	441	97.733	532
97.758	443	97.783	533
97.809	445	97.834	533
97.860	444	97.884	534
97.910	443	97.936	533
97.961	441	97.986	533
98.011	439	98.037	534
98.063	435	98.087	534
98.113	430	98.138	533
98.164	426	98.188	533
98.214	422	98.240	533
98.265	418	98.290	532
98.315	414	98.341	533
98.367	410	98.391	532
98.417	408	98.442	531
98.468	406	98.493	531
98.518	406	98.544	531
98.569	406	98.594	531
98.620	407	98.645	531
98.671	409	98.695	530
98.721	411	98.747	530
98.772	416	98.797	531
98.822	420	98.848	531
98.874	424	98.898	531
98.924	428	98.949	532
98.975	433	98.999	532
99.025	437	99.051	532
99.076	439	99.101	533
99.126	442	99.152	531
99.178	443	99.202	534
99.228	443	99.253	533
99.279	442	99.304	533
99.329	441	99.355	533
99.380	439	99.405	533
99.431	435	99.456	533
99.482	432	99.506	533
99.532	428	99.558	533
99.583	424	99.608	533
99.633	418	99.659	532
99.685	415	99.709	533
99.735	411	99.760	532
99.786	409	99.810	532
99.836	407	99.862	531
99.887	406	99.912	531
99.937	405	99.963	531
99.989	407	100.013	532
100.039	409	100.064	531
100.090	412	100.115	531
100.140	415	100.166	531
100.191	419	100.216	531
100.242	424	100.267	531
100.293	427	100.318	531
100.343	432	100.369	532
100.394	436	100.420	532
100.444	438	100.470	532
100.496	441	100.521	532
100.546	442	100.571	532
100.597	443	100.623	533
100.647	442	100.673	533
100.698	441	100.724	533
100.748	439	100.774	533
100.800	436	100.825	533
100.850	432	100.875	533
100.901	430	100.927	532
100.951	425	100.977	534
101.002	420	101.028	532
101.053	417	101.078	532
101.104	414	101.129	532
101.154	410	101.180	531
101.205	408	101.231	531
101.255	408	101.281	532
101.307	406	101.332	532
101.357	408	101.382	531
101.408	409	101.434	531
101.458	410	101.484	531
101.509	414	101.535	531
101.559	418	101.585	531
101.611	422	101.636	531
101.661	426	101.686	532
101.712	430	101.738	532
101.762	433	101.788	531
101.813	436	101.839	533
101.864	439	101.889	532
101.915	441	101.940	532
101.965	442	101.991	533
102.016	442	102.042	533
102.066	440	102.092	534
102.118	440	102.143	533
102.168	435	102.193	533
102.219	433	102.245	533
102.269	430	102.295	533
102.320	426	102.346	532
102.370	422	102.396	531
102.422	418	102.447	532
102.472	415	102.497	532
102.523	411	102.549	531
102.573	409	102.599	533
102.624	409	102.650	531
102.675	409	102.700	531
102.726	409	102.751	531
102.776	410	102.802	531
102.827	411	102.853	531
102.877	414	102.903	531
102.929	418	102.954	532
102.979	421	103.004	531
103.030	424	103.056	533
103.080	428	103.106	532
103.131	432	103.157	533
103.181	435	103.207	532
103.233	438	103.258	532
103.283	440	103.308	532
103.334	441	103.360	532
103.384	442	103.410	532
103.435	440	103.461	533
103.486	439	103.511	533
103.537	437	103.562	532
103.588	434	103.613	532
103.638	431	103.664	532
103.689	426	103.714	532
103.740	423	103.765	532
