#Creator: pendulumviewEventBuffer
#Creation time: Tue Mar 12 17:31:44 2024
#Time A	Pos A	Time B	Pos B
#[s]	[au]	[s]	[au]
0.025	678	0.050	279
0.075	639	0.101	315
0.127	591	0.151	361
0.177	531	0.202	413
0.228	466	0.253	467
0.278	398	0.304	523
0.329	332	0.354	576
0.380	269	0.405	626
0.431	215	0.455	665
0.481	172	0.506	697
0.532	141	0.557	715
0.582	123	0.608	718
0.633	125	0.658	710
0.684	144	0.709	691
0.735	175	0.759	659
0.785	218	0.811	618
0.836	272	0.861	569
0.886	335	0.912	515
0.938	403	0.962	460
0.988	470	1.013	405
1.039	534	1.064	352
1.089	593	1.115	309
1.140	640	1.165	276
1.191	675	1.216	253
1.242	699	1.267	242
1.292	706	1.318	246
1.343	695	1.369	262
1.393	670	1.419	290
1.444	632	1.470	329
1.495	582	1.520	376
1.546	523	1.571	427
1.596	458	1.622	482
1.647	392	1.673	537
1.697	328	1.723	587
1.749	268	1.774	632
1.799	217	1.824	670
1.850	176	1.876	697
1.900	147	1.926	712
1.951	133	1.977	711
2.002	135	2.027	701
2.053	153	2.078	680
2.103	183	2.129	647
2.154	225	2.180	605
2.204	280	2.230	555
2.255	340	2.281	502
2.306	405	2.331	448
2.357	470	2.382	395
2.407	532	2.433	348
2.458	587	2.484	306
2.508	634	2.534	275
2.560	669	2.585	253
2.610	692	2.635	246
2.661	697	2.687	253
2.711	686	2.737	271
2.762	662	2.788	301
2.813	624	2.838	339
2.864	577	2.889	387
2.914	520	2.940	438
2.965	457	2.991	491
3.015	394	3.041	545
3.066	331	3.092	594
3.117	272	3.142	638
3.168	221	3.193	674
3.218	180	3.244	698
3.269	152	3.295	709
3.319	139	3.345	707
3.371	141	3.396	695
3.421	161	3.446	671
3.472	190	3.498	638
3.522	232	3.548	594
3.573	284	3.599	544
3.624	343	3.649	492
3.675	406	3.700	437
3.725	470	3.751	385
3.776	531	3.802	339
3.826	585	3.852	300
3.878	630	3.903	271
3.928	664	3.953	253
3.979	685	4.004	250
4.029	690	4.055	257
4.080	680	4.106	277
4.130	656	4.156	309
4.182	618	4.207	349
4.232	571	4.257	397
4.283	515	4.309	450
4.333	454	4.359	504
4.384	391	4.410	555
4.435	329	4.460	604
4.486	273	4.511	645
4.536	224	4.562	678
4.587	186	4.613	701
4.637	158	4.663	708
4.689	146	4.714	704
4.739	152	4.764	690
4.790	169	4.815	664
4.840	199	4.866	628
4.891	239	4.917	584
4.941	291	4.967	534
4.993	350	5.018	481
5.043	411	5.068	425
5.094	473	5.120	377
5.144	531	5.170	332
5.195	584	5.221	295
5.246	627	5.271	267
5.297	659	5.322	253
5.347	678	5.373	252
5.398	681	5.424	262
5.448	670	5.474	284
5.500	646	5.525	317
5.550	609	5.575	359
5.601	562	5.626	408
5.651	508	5.677	460
5.702	448	5.728	513
5.752	387	5.778	564
5.804	329	5.829	611
5.854	275	5.879	652
5.905	228	5.931	682
5.955	191	5.981	703
6.006	166	6.032	707
6.057	156	6.082	702
6.108	163	6.133	686
6.158	180	6.184	658
6.209	207	6.235	621
6.259	248	6.285	575
6.311	299	6.336	525
6.361	355	6.386	472
6.412	414	6.438	419
6.462	474	6.488	369
6.513	530	6.539	326
6.563	580	6.589	290
6.615	621	6.640	265
6.665	652	6.690	252
6.716	669	6.742	253
6.766	671	6.792	265
6.817	660	6.843	289
6.868	638	6.893	324
6.919	600	6.944	369
6.969	554	6.995	416
7.020	502	7.046	472
7.070	444	7.096	523
7.122	385	7.147	571
7.172	328	7.197	619
7.223	276	7.249	658
7.273	231	7.299	688
7.324	196	7.350	705
7.374	174	7.400	708
7.426	164	7.451	701
7.476	172	7.501	682
7.527	189	7.553	653
7.577	218	7.603	615
7.628	257	7.654	568
7.679	305	7.704	516
7.730	361	7.755	464
7.780	418	7.806	410
7.831	476	7.857	362
7.881	530	7.907	319
7.933	578	7.958	286
7.983	618	8.008	262
8.034	646	8.060	252
8.084	661	8.110	254
8.135	664	8.161	268
8.185	651	8.211	294
8.237	628	8.262	331
8.287	591	8.312	375
8.338	545	8.364	425
8.388	493	8.414	478
8.439	438	8.465	533
8.491	381	8.515	580
8.541	326	8.566	626
8.592	277	8.617	663
8.642	234	8.668	691
8.693	202	8.718	707
8.744	181	8.769	708
8.795	175	8.819	699
8.845	183	8.871	680
8.896	200	8.921	649
8.946	228	8.972	608
8.998	268	9.022	562
9.048	316	9.073	510
9.099	369	9.123	456
9.149	425	9.175	404
9.200	480	9.225	357
9.250	531	9.276	315
9.302	577	9.326	283
9.352	613	9.377	260
9.403	639	9.428	252
9.453	653	9.479	255
9.504	652	9.529	272
9.555	638	9.580	299
9.606	615	9.630	336
9.656	580	9.682	382
9.707	536	9.732	432
9.757	485	9.783	487
9.809	431	9.833	538
9.859	377	9.884	587
9.910	325	9.934	632
9.960	277	9.986	668
10.011	237	10.036	695
10.061	208	10.087	709
10.113	189	10.137	708
10.163	185	10.188	698
10.214	194	10.239	677
10.264	211	10.290	644
10.315	240	10.340	604
10.366	279	10.391	556
10.417	325	10.441	504
10.467	377	10.493	449
10.518	431	10.543	397
10.568	484	10.594	351
10.620	532	10.644	311
10.670	576	10.695	278
10.721	608	10.745	258
10.771	633	10.797	252
10.822	644	10.847	257
10.872	643	10.898	275
10.924	629	10.948	303
10.974	604	10.999	342
11.025	569	11.050	387
11.075	526	11.101	438
11.126	476	11.151	490
11.177	424	11.202	544
11.228	372	11.252	592
11.278	322	11.304	636
11.329	277	11.354	671
11.379	240	11.405	697
11.431	212	11.455	709
11.481	197	11.506	708
11.532	195	11.556	697
11.582	204	11.608	674
11.633	222	11.659	641
11.683	252	11.709	599
11.735	290	11.760	550
11.785	336	11.810	498
11.836	386	11.862	445
11.886	438	11.912	393
11.937	488	11.963	346
11.988	535	12.013	307
12.039	574	12.064	276
12.089	606	12.115	257
12.140	627	12.166	253
12.190	636	12.216	259
12.242	633	12.267	276
12.292	618	12.317	307
12.343	593	12.369	346
12.393	558	12.419	392
12.444	515	12.470	443
12.494	466	12.520	496
12.546	416	12.571	549
12.596	366	12.621	596
12.647	318	12.673	640
12.697	276	12.723	674
12.748	242	12.774	699
12.799	217	12.824	708
12.850	205	12.875	707
12.900	204	12.926	695
12.951	213	12.977	671
13.001	233	13.027	637
13.053	263	13.078	595
13.103	302	13.128	546
13.154	347	13.180	493
13.204	396	13.230	441
13.255	446	13.281	389
13.305	493	13.331	344
13.357	537	13.382	304
13.407	574	13.432	276
13.458	603	13.484	258
13.508	622	13.534	254
13.559	629	13.585	261
13.610	624	13.635	279
13.661	608	13.686	312
13.711	581	13.737	350
13.762	546	13.788	397
13.812	504	13.838	448
13.864	457	13.889	499
13.914	408	13.939	552
13.965	360	13.991	601
14.015	315	14.041	643
14.066	275	14.092	676
14.116	243	14.142	699
14.168	221	14.193	709
14.218	211	14.243	706
14.269	213	14.295	693
14.319	224	14.345	669
14.370	244	14.396	635
14.421	274	14.446	593
14.472	314	14.497	543
14.522	358	14.548	491
14.573	405	14.599	437
14.623	453	14.649	388
14.675	499	14.700	340
14.725	542	14.750	304
14.776	575	14.802	276
14.826	602	14.852	258
14.877	617	14.903	256
14.927	621	14.953	263
14.979	615	15.004	283
15.029	598	15.054	314
15.080	570	15.106	354
15.130	534	15.156	401
15.181	492	15.207	452
15.232	446	15.257	505
15.283	399	15.308	556
15.334	353	15.359	603
15.384	310	15.410	644
15.435	273	15.460	677
15.486	244	15.511	698
15.537	225	15.561	707
15.587	218	15.613	703
15.638	220	15.663	688
15.688	233	15.714	665
15.740	256	15.764	630
15.790	287	15.815	587
15.841	326	15.865	539
15.891	369	15.917	487
15.942	415	15.967	434
15.992	462	16.018	384
16.044	504	16.068	340
16.094	545	16.119	303
16.145	577	16.170	276
16.195	599	16.221	260
16.246	612	16.271	258
16.297	613	16.322	267
16.348	606	16.372	286
16.398	586	16.424	319
16.449	558	16.474	358
16.499	523	16.525	405
16.551	481	16.575	457
16.601	436	16.626	508
16.652	391	16.676	557
16.702	346	16.728	604
16.753	305	16.778	644
16.803	271	16.829	676
16.855	245	16.879	697
16.905	228	16.930	704
16.956	223	16.981	701
17.006	229	17.032	686
17.057	241	17.082	661
17.108	266	17.133	626
17.159	299	17.183	581
17.209	337	17.235	535
17.260	380	17.285	483
17.310	426	17.336	432
17.362	470	17.386	383
17.412	512	17.437	340
17.463	548	17.487	304
17.513	578	17.539	278
17.564	599	17.589	264
17.614	608	17.640	262
17.666	608	17.690	270
17.716	598	17.741	292
17.767	578	17.792	322
17.817	548	17.843	363
17.868	511	17.893	409
17.919	469	17.944	459
17.970	426	17.994	511
18.020	381	18.046	560
18.071	338	18.096	605
18.121	300	18.147	644
18.173	269	18.197	675
18.223	244	18.248	695
18.274	231	18.298	702
18.324	229	18.350	696
18.375	235	18.401	682
18.425	251	18.451	656
18.477	277	18.502	622
18.527	309	18.552	579
18.578	348	18.604	531
18.628	392	18.654	481
18.679	435	18.705	430
18.730	480	18.755	383
18.781	519	18.806	340
18.831	554	18.857	305
18.882	580	18.908	280
18.932	598	18.958	267
18.984	605	19.009	266
19.034	603	19.059	275
19.085	591	19.111	295
19.135	568	19.161	328
19.186	538	19.212	368
19.236	501	19.262	414
19.288	460	19.313	463
19.338	417	19.363	513
19.389	372	19.415	561
19.439	331	19.465	606
19.490	296	19.516	643
19.541	265	19.566	672
19.592	244	19.617	690
19.642	233	19.668	696
19.693	233	19.719	692
19.743	241	19.769	676
19.795	259	19.820	651
19.845	286	19.870	617
19.896	320	19.922	575
19.946	360	19.972	529
19.997	402	20.023	477
20.047	446	20.073	429
20.099	487	20.124	383
20.149	526	20.174	342
20.200	557	20.226	308
20.250	583	20.276	284
20.301	598	20.327	271
20.352	603	20.377	271
20.403	598	20.428	281
20.453	584	20.479	303
20.504	560	20.530	333
20.554	528	20.580	373
20.606	491	20.631	418
20.656	448	20.681	466
20.707	406	20.733	515
20.757	364	20.783	562
20.808	323	20.834	604
20.858	290	20.884	641
20.910	262	20.935	669
20.960	241	20.985	687
21.011	235	21.037	690
21.061	237	21.087	686
21.112	246	21.138	671
21.163	266	21.188	645
21.214	294	21.239	609
21.264	330	21.290	570
21.315	370	21.341	524
21.365	411	21.391	476
21.417	455	21.442	428
21.467	496	21.492	382
21.518	533	21.544	343
21.568	562	21.594	311
21.619	587	21.645	288
21.670	598	21.695	278
21.721	601	21.746	278
21.771	594	21.796	288
21.822	577	21.848	310
21.872	552	21.898	341
21.923	519	21.949	380
21.974	481	21.999	423
22.025	439	22.050	470
22.075	397	22.101	518
22.126	355	22.152	564
22.176	317	22.202	604
22.228	284	22.253	639
22.278	259	22.303	667
22.329	242	22.355	681
22.379	237	22.405	685
22.430	239	22.456	679
22.481	252	22.506	664
22.532	273	22.557	638
22.582	303	22.607	603
22.633	338	22.659	564
22.683	377	22.709	521
22.734	421	22.760	472
22.785	465	22.810	426
22.836	503	22.861	382
22.887	539	22.912	344
22.937	567	22.963	314
22.988	588	23.013	292
23.039	598	23.064	284
23.090	598	23.114	285
23.140	591	23.166	295
23.191	572	23.216	317
23.241	545	23.267	348
23.293	512	23.317	386
23.343	472	23.368	429
23.394	431	23.418	474
23.444	388	23.470	520
23.495	347	23.520	565
23.545	310	23.571	604
23.597	278	23.621	637
23.647	254	23.672	661
23.698	241	23.723	676
23.748	236	23.774	679
23.799	242	23.824	672
23.850	256	23.875	657
23.901	279	23.925	631
23.951	310	23.977	597
24.002	347	24.027	558
24.052	388	24.078	514
24.104	430	24.128	468
24.154	471	24.179	423
24.205	511	24.230	382
24.255	545	24.281	346
24.306	571	24.331	318
24.356	590	24.382	299
24.408	598	24.432	290
24.458	598	24.483	292
24.509	587	24.534	303
24.559	567	24.585	325
24.610	539	24.635	356
24.661	504	24.686	392
24.712	465	24.736	432
24.762	423	24.788	480
24.813	381	24.838	523
24.863	339	24.889	565
24.915	304	24.939	603
24.965	274	24.990	634
25.016	251	25.041	658
25.066	240	25.092	669
25.117	238	25.142	672
25.167	244	25.193	665
25.219	261	25.243	648
25.269	285	25.294	622
25.320	317	25.345	590
25.370	355	25.396	551
25.421	396	25.446	508
25.472	438	25.497	465
25.523	479	25.547	421
25.573	517	25.599	381
25.624	550	25.649	348
25.674	576	25.700	322
25.726	592	25.750	305
25.776	599	25.801	297
25.827	597	25.852	299
25.877	584	25.903	311
25.928	562	25.954	334
25.978	534	26.004	365
26.030	498	26.055	402
26.080	457	26.105	441
26.131	414	26.157	484
26.181	374	26.207	527
26.232	334	26.258	567
26.283	297	26.308	602
26.334	269	26.359	631
26.384	248	26.410	651
26.435	239	26.461	664
26.485	239	26.511	663
26.537	246	26.562	657
26.587	263	26.612	639
26.638	290	26.664	615
26.688	323	26.714	580
26.739	361	26.765	543
26.790	402	26.815	502
26.841	444	26.866	460
26.891	486	26.916	419
26.942	523	26.968	381
26.992	555	27.018	350
27.043	580	27.069	324
27.094	593	27.119	309
27.145	599	27.170	304
27.195	596	27.221	307
27.246	581	27.272	321
27.296	559	27.322	343
27.348	529	27.373	373
27.398	492	27.423	409
27.449	452	27.475	448
27.499	409	27.525	491
27.550	367	27.576	530
27.601	328	27.626	568
27.652	294	27.677	602
27.702	265	27.727	629
27.753	246	27.779	647
27.803	239	27.829	656
27.854	239	27.880	657
27.905	248	27.930	649
27.956	267	27.981	630
28.006	294	28.032	604
28.057	328	28.083	572
28.107	367	28.133	535
28.159	408	28.184	497
28.209	450	28.234	455
28.260	491	28.286	416
28.310	529	28.336	380
28.361	558	28.387	350
28.412	582	28.437	329
28.463	594	28.488	316
28.513	599	28.538	312
28.564	595	28.590	316
28.614	579	28.640	331
28.665	556	28.691	353
28.716	524	28.741	382
28.767	486	28.792	417
28.817	446	28.843	455
28.868	404	28.894	495
28.918	362	28.944	535
28.970	324	28.995	570
29.020	290	29.045	602
29.071	263	29.097	628
29.121	245	29.147	643
29.172	239	29.198	650
29.223	239	29.248	649
29.274	250	29.299	639
29.324	270	29.350	621
29.375	298	29.401	595
29.425	333	29.451	563
29.476	372	29.502	528
29.527	413	29.552	489
29.578	456	29.603	450
29.629	496	29.654	413
29.679	532	29.705	380
29.730	560	29.755	352
29.781	584	29.806	332
29.832	596	29.856	322
29.882	598	29.908	319
29.933	593	29.958	323
29.983	576	30.009	339
30.035	552	30.059	363
30.085	520	30.110	391
30.136	482	30.161	427
30.186	442	30.212	464
30.237	399	30.262	502
30.287	358	30.313	539
30.339	320	30.363	572
30.389	288	30.414	602
30.440	261	30.465	625
30.490	245	30.516	639
30.541	239	30.566	644
30.592	241	30.617	642
30.643	253	30.667	630
30.693	274	30.719	611
30.744	302	30.769	586
30.794	337	30.820	554
30.846	376	30.870	519
30.896	418	30.921	480
30.947	460	30.972	444
30.997	499	31.023	409
31.048	535	31.073	378
31.098	564	31.124	353
31.150	585	31.174	335
31.200	596	31.225	327
31.251	598	31.276	326
31.301	591	31.327	333
31.352	574	31.377	350
31.403	549	31.428	373
31.454	516	31.478	402
31.504	479	31.530	436
31.555	437	31.580	472
31.605	396	31.631	508
31.657	355	31.681	544
31.707	317	31.732	575
31.758	285	31.783	603
31.808	260	31.834	622
31.859	245	31.884	634
31.910	239	31.935	638
31.961	241	31.985	634
32.011	256	32.036	623
32.062	276	32.087	602
32.112	306	32.138	576
32.163	341	32.188	544
32.214	380	32.239	510
32.265	422	32.289	473
32.315	464	32.341	437
32.366	503	32.391	404
32.416	537	32.442	377
32.468	566	32.492	354
32.518	585	32.543	339
32.569	596	32.594	332
32.619	597	32.645	332
32.670	589	32.696	341
32.721	571	32.746	360
32.772	545	32.797	382
32.822	512	32.847	412
32.873	475	32.899	446
32.923	434	32.949	480
32.974	392	33.000	515
33.025	352	33.050	549
33.076	315	33.101	579
33.126	284	33.152	603
33.177	260	33.203	621
33.227	246	33.253	630
33.279	241	33.304	633
33.329	245	33.354	627
33.380	259	33.406	614
33.430	280	33.456	592
33.481	309	33.507	566
33.532	345	33.557	535
33.583	385	33.608	500
33.633	425	33.658	466
33.684	466	33.710	432
33.734	505	33.760	400
33.785	538	33.811	374
33.836	567	33.861	354
33.887	584	33.912	342
33.937	594	33.963	336
33.988	595	34.014	339
34.038	586	34.064	350
34.090	568	34.115	368
34.140	541	34.165	392
34.191	509	34.217	421
34.241	470	34.267	454
34.292	429	34.318	489
34.343	389	34.368	522
34.394	350	34.419	555
34.444	314	34.470	582
34.495	283	34.521	605
34.545	261	34.571	620
34.596	248	34.622	627
34.647	243	34.672	629
34.698	248	34.723	620
34.748	261	34.774	605
34.799	285	34.825	582
34.849	313	34.875	556
34.901	348	34.926	526
34.951	387	34.976	492
35.002	428	35.028	458
35.052	468	35.078	424
35.103	506	35.129	396
35.154	539	35.179	372
35.205	566	35.230	354
35.255	584	35.281	345
35.306	592	35.332	340
35.356	592	35.382	345
35.407	583	35.433	357
35.458	564	35.483	378
35.509	538	35.534	400
35.559	506	35.585	431
35.610	467	35.636	464
35.660	428	35.686	497
35.712	387	35.737	529
35.762	348	35.787	560
35.813	312	35.839	586
35.863	284	35.889	605
35.914	262	35.940	619
35.965	250	35.990	624
36.016	246	36.041	623
36.066	252	36.092	613
36.117	265	36.143	597
36.167	287	36.193	575
36.218	317	36.244	547
36.269	352	36.294	515
36.320	390	36.345	483
36.370	430	36.396	449
36.421	470	36.447	419
36.471	507	36.497	393
36.523	538	36.548	370
36.573	564	36.598	353
36.624	581	36.650	345
36.674	590	36.700	344
36.725	589	36.751	351
36.776	579	36.801	365
36.827	560	36.852	385
36.877	534	36.903	410
36.928	501	36.954	440
36.978	464	37.004	472
37.030	425	37.055	505
37.080	386	37.105	536
37.131	347	37.156	565
37.181	314	37.207	589
37.232	284	37.258	607
37.282	264	37.308	618
37.334	252	37.359	622
37.384	250	37.409	618
37.435	255	37.461	608
37.485	270	37.511	589
37.536	292	37.562	567
37.587	320	37.612	538
37.638	357	37.663	508
37.688	393	37.714	475
37.739	432	37.765	443
37.789	472	37.815	413
37.841	508	37.866	388
37.891	538	37.916	368
37.942	562	37.967	353
37.992	579	38.018	347
38.043	585	38.069	347
38.093	585	38.119	356
38.145	574	38.170	371
38.195	555	38.220	394
38.246	529	38.272	419
38.296	498	38.322	448
38.347	460	38.373	481
38.398	422	38.423	512
38.449	384	38.474	542
38.499	348	38.525	570
38.550	314	38.576	592
38.600	287	38.626	608
38.652	267	38.677	618
38.702	256	38.727	621
38.753	254	38.778	614
38.803	260	38.829	602
38.854	274	38.880	584
38.904	297	38.930	559
38.956	326	38.981	531
39.006	360	39.031	498
39.057	397	39.083	467
39.107	433	39.133	437
39.158	472	39.184	407
39.209	507	39.234	383
39.260	538	39.285	365
39.310	559	39.336	353
39.361	575	39.387	348
39.411	580	39.437	350
39.463	580	39.488	360
39.513	569	39.538	377
39.564	550	39.590	400
39.614	523	39.640	426
39.665	492	39.691	456
39.715	457	39.741	488
39.767	419	39.792	520
39.817	382	39.842	549
39.868	347	39.894	575
39.918	315	39.944	595
39.969	288	39.995	610
40.020	270	40.045	618
40.071	261	40.096	617
40.121	259	40.147	611
40.172	265	40.198	597
40.222	282	40.248	578
40.274	302	40.299	552
40.324	331	40.349	523
40.375	366	40.401	492
40.425	400	40.451	460
40.476	437	40.502	429
40.526	473	40.552	402
40.578	506	40.603	378
40.628	535	40.653	363
40.679	557	40.705	353
40.729	571	40.755	348
40.780	576	40.806	353
40.831	575	40.856	364
40.882	564	40.907	383
40.932	545	40.958	405
40.983	520	41.009	433
41.033	487	41.059	464
41.085	453	41.110	495
41.135	417	41.160	526
41.186	381	41.212	555
41.236	346	41.262	579
41.287	317	41.313	599
41.337	291	41.363	612
41.389	275	41.414	618
41.439	266	41.464	616
41.490	265	41.516	608
41.540	271	41.566	594
41.591	286	41.617	572
41.642	309	41.667	545
41.693	336	41.718	516
41.743	369	41.769	485
41.794	404	41.820	453
41.844	439	41.870	424
41.896	475	41.921	396
41.946	506	41.971	376
41.997	533	42.023	360
42.047	553	42.073	352
42.098	566	42.124	349
42.148	571	42.174	353
42.200	568	42.225	368
42.251	557	42.275	387
42.301	538	42.327	411
42.352	513	42.377	440
42.402	482	42.428	471
42.454	449	42.478	502
42.504	412	42.529	533
42.555	378	42.580	560
42.605	346	42.631	584
42.656	318	42.681	602
42.707	296	42.732	613
42.758	279	42.782	618
42.808	270	42.834	615
42.859	270	42.884	604
42.909	278	42.935	589
42.961	293	42.985	566
43.011	314	43.036	540
43.062	342	43.086	510
43.112	374	43.138	478
43.163	407	43.188	448
43.213	442	43.239	418
43.265	475	43.289	393
43.315	506	43.340	371
43.366	531	43.391	358
43.416	550	43.442	352
43.467	562	43.492	350
43.518	566	43.543	357
43.569	563	43.593	371
43.619	550	43.645	391
43.670	532	43.695	416
43.720	507	43.746	446
43.772	477	43.796	476
43.822	445	43.847	508
43.873	411	43.897	538
43.923	377	43.949	565
43.974	346	43.999	588
44.024	319	44.050	604
44.076	298	44.100	614
44.126	283	44.151	618
44.177	276	44.202	614
44.227	276	44.253	602
44.278	285	44.303	585
44.329	299	44.354	562
44.380	322	44.404	534
44.430	348	44.456	504
44.481	379	44.506	473
44.531	413	44.557	442
44.583	447	44.607	414
44.633	477	44.658	388
44.684	504	44.708	369
44.734	529	44.760	357
44.785	546	44.810	350
44.835	556	44.861	351
44.887	560	44.911	359
44.937	556	44.962	376
44.988	543	45.013	396
45.038	524	45.064	421
45.089	499	45.114	451
45.140	471	45.165	481
45.191	439	45.216	513
45.241	406	45.267	542
45.292	376	45.318	569
45.342	345	45.368	591
45.394	320	45.419	606
45.444	300	45.469	615
45.495	288	45.521	617
45.545	283	45.571	613
45.596	283	45.622	599
45.646	292	45.672	582
45.698	307	45.723	558
45.748	329	45.773	530
45.799	355	45.825	498
45.849	385	45.875	468
45.900	416	45.926	437
45.951	448	45.976	409
46.002	478	46.027	385
46.052	505	46.078	368
46.103	527	46.129	355
46.153	542	46.179	350
46.205	552	46.230	352
46.255	554	46.280	361
46.306	548	46.332	377
46.356	536	46.382	399
46.407	518	46.433	425
46.457	493	46.483	454
46.509	464	46.534	486
46.559	433	46.584	518
46.610	403	46.636	547
46.660	373	46.686	572
46.711	345	46.737	593
46.762	321	46.787	608
46.813	304	46.838	616
46.863	292	46.889	616
46.914	287	46.940	610
46.964	290	46.990	597
47.016	298	47.041	578
47.066	316	47.091	554
47.117	336	47.143	526
47.167	362	47.193	495
47.218	390	47.244	464
47.268	421	47.294	433
47.320	451	47.345	406
47.370	480	47.395	383
47.421	506	47.447	366
47.471	525	47.497	355
47.522	539	47.548	350
47.573	547	47.598	351
47.624	548	47.649	363
47.674	541	47.700	380
47.725	529	47.751	402
47.775	509	47.801	429
47.827	483	47.852	459
47.877	458	47.902	490
47.928	429	47.954	521
47.978	399	48.004	551
48.029	370	48.055	577
48.079	344	48.105	594
48.131	323	48.156	609
48.181	306	48.206	616
48.232	296	48.258	616
48.282	293	48.308	609
48.333	297	48.359	595
48.384	306	48.409	575
48.435	322	48.460	551
48.486	344	48.511	522
48.536	368	48.562	491
48.587	397	48.612	461
48.638	426	48.663	431
48.689	455	48.713	404
48.739	481	48.765	381
48.790	505	48.815	364
48.840	523	48.866	354
48.892	535	48.916	350
48.942	543	48.967	354
48.993	542	49.017	367
49.043	534	49.069	382
49.094	522	49.119	405
49.144	501	49.170	433
49.196	478	49.220	462
49.246	451	49.271	493
49.297	424	49.322	524
49.347	395	49.373	552
49.398	367	49.423	577
49.449	343	49.474	596
49.500	323	49.524	609
49.550	308	49.576	615
49.601	301	49.626	615
49.651	298	49.677	607
49.703	303	49.727	593
49.753	313	49.778	572
49.804	330	49.828	547
49.854	351	49.880	517
49.905	377	49.930	488
49.955	405	49.981	457
50.007	432	50.031	428
50.057	459	50.082	401
50.108	484	50.133	379
50.158	505	50.184	364
50.209	522	50.234	354
50.260	533	50.285	352
50.311	537	50.335	357
50.361	536	50.387	368
50.412	527	50.437	385
50.462	513	50.488	408
50.514	494	50.538	435
50.564	471	50.589	466
50.615	443	50.639	496
50.665	417	50.691	526
50.716	389	50.741	555
50.766	364	50.792	578
50.818	342	50.842	597
50.868	324	50.893	608
50.919	311	50.944	615
50.969	304	50.995	612
51.020	304	51.045	605
51.071	309	51.096	590
51.122	320	51.146	569
51.172	338	51.198	544
51.223	359	51.248	516
51.273	382	51.299	485
51.325	410	51.349	455
51.375	436	51.400	426
51.426	463	51.450	400
51.476	486	51.502	379
51.527	506	51.553	362
51.577	520	51.603	355
51.629	530	51.654	353
51.679	533	51.704	358
51.730	530	51.756	370
51.780	521	51.806	389
51.831	506	51.857	411
51.882	484	51.907	439
51.933	463	51.958	468
51.983	438	52.009	498
52.034	412	52.060	528
52.084	386	52.110	556
52.136	361	52.161	579
52.186	340	52.211	596
52.237	324	52.263	607
52.287	312	52.313	613
52.338	308	52.364	611
52.388	308	52.414	600
52.440	315	52.465	587
52.490	328	52.515	567
52.541	346	52.567	541
52.591	367	52.617	512
52.642	391	52.668	483
52.693	417	52.718	453
52.744	443	52.769	424
52.794	467	52.820	400
52.845	489	52.871	380
52.895	507	52.921	365
52.947	520	52.972	357
52.997	527	53.022	355
53.048	529	53.074	359
53.098	524	53.124	373
53.149	513	53.175	392
53.199	498	53.225	415
53.251	479	53.276	442
53.301	456	53.326	471
53.352	430	53.378	501
53.402	405	53.428	530
53.453	380	53.479	556
53.504	358	53.529	579
53.555	339	53.580	595
53.605	324	53.631	606
53.656	315	53.682	610
53.706	311	53.732	608
53.758	313	53.783	599
53.808	321	53.833	583
53.859	335	53.885	563
53.909	352	53.935	537
53.960	375	53.986	510
54.010	399	54.036	481
54.062	423	54.087	451
54.112	447	54.137	424
54.163	471	54.189	400
54.213	492	54.239	381
54.264	508	54.290	368
54.315	519	54.340	359
54.366	525	54.391	358
54.416	525	54.442	365
54.467	520	54.493	377
54.517	507	54.543	395
54.569	491	54.594	419
54.619	472	54.644	445
54.670	448	54.696	474
54.720	424	54.746	502
54.771	399	54.797	530
54.822	376	54.847	557
54.873	354	54.898	577
54.923	337	54.948	593
54.974	323	55.000	604
55.024	316	55.050	608
55.075	314	55.101	604
55.126	317	55.151	596
55.177	327	55.202	580
55.227	341	55.253	559
55.278	362	55.304	535
55.328	381	55.354	507
55.380	405	55.405	478
55.430	429	55.455	450
55.481	453	55.507	422
55.531	475	55.557	400
55.582	494	55.608	382
55.633	509	55.658	368
55.684	519	55.709	363
55.734	523	55.759	362
55.785	521	55.811	368
55.835	514	55.861	381
55.886	503	55.912	399
55.937	485	55.962	422
55.988	464	56.013	448
56.039	442	56.064	476
56.089	419	56.115	504
56.140	393	56.165	532
56.191	370	56.216	557
56.242	351	56.266	575
56.292	335	56.318	592
56.343	323	56.368	601
56.393	317	56.419	604
56.445	317	56.469	600
56.495	322	56.520	591
56.546	331	56.570	577
56.596	346	56.622	556
56.647	366	56.672	531
56.697	388	56.723	504
56.749	412	56.773	476
56.799	436	56.824	449
56.850	459	56.875	423
56.900	479	56.926	402
56.951	497	56.976	384
57.002	511	57.027	372
57.053	519	57.077	367
57.103	522	57.129	366
57.154	519	57.179	373
57.204	510	57.230	385
57.256	496	57.280	403
57.306	479	57.331	426
57.357	458	57.382	452
57.407	435	57.433	479
57.458	411	57.483	506
57.508	389	57.534	533
57.560	367	57.584	555
57.610	348	57.635	574
57.661	333	57.686	589
57.711	323	57.737	597
57.762	318	57.787	600
57.813	319	57.838	596
57.864	325	57.888	584
57.914	337	57.940	571
57.965	353	57.990	551
58.015	372	58.041	527
58.067	395	58.091	501
58.117	419	58.142	474
58.168	441	58.193	448
58.218	464	58.244	423
58.269	483	58.294	402
58.319	500	58.345	385
58.371	512	58.395	374
58.421	519	58.446	366
58.472	520	58.497	372
58.522	515	58.548	378
58.573	506	58.598	390
58.624	493	58.649	409
58.675	473	58.699	431
58.725	452	58.751	455
58.776	429	58.801	481
58.826	405	58.852	508
58.878	382	58.902	533
58.928	361	58.953	556
58.979	344	59.004	573
59.029	330	59.055	587
59.080	322	59.106	593
59.130	319	59.156	594
59.182	321	59.207	590
59.232	328	59.257	581
59.283	341	59.309	566
59.333	358	59.359	546
59.384	376	59.410	523
59.435	399	59.460	497
59.486	423	59.511	472
59.536	447	59.562	445
59.587	469	59.613	423
59.637	487	59.663	403
59.689	502	59.714	387
59.739	513	59.764	377
59.790	518	59.816	374
59.840	518	59.866	375
59.891	513	59.917	383
59.942	502	59.967	395
59.993	487	60.018	413
60.043	468	60.068	434
60.094	446	60.120	458
60.144	423	60.170	484
60.195	401	60.221	509
60.246	377	60.271	533
60.297	358	60.322	554
60.347	341	60.373	571
60.398	329	60.424	584
60.448	321	60.474	590
60.500	320	60.525	591
60.550	324	60.575	586
60.601	332	60.627	576
60.651	345	60.677	561
60.702	362	60.728	542
60.753	383	60.778	519
60.804	406	60.829	494
60.854	429	60.879	469
60.905	451	60.931	445
60.955	472	60.981	425
61.006	490	61.032	405
61.057	504	61.082	389
61.108	514	61.133	381
61.158	518	61.184	378
61.209	517	61.235	381
61.259	511	61.285	389
61.311	500	61.336	401
61.361	484	61.386	419
61.412	464	61.438	440
61.462	442	61.488	464
61.513	419	61.539	487
61.564	395	61.589	511
61.615	374	61.640	534
61.665	355	61.690	553
61.716	339	61.742	569
61.766	328	61.792	579
61.817	321	61.843	585
61.868	320	61.893	586
61.919	325	61.944	580
61.969	334	61.995	570
62.020	349	62.046	555
62.070	366	62.096	536
62.122	387	62.147	514
62.172	410	62.197	490
62.223	433	62.249	467
62.273	456	62.299	443
62.324	475	62.350	422
62.375	494	62.400	407
62.426	507	62.451	393
62.476	516	62.502	385
62.527	518	62.553	383
62.577	516	62.603	386
62.628	509	62.654	394
62.679	497	62.704	408
62.730	479	62.755	424
62.781	459	62.806	445
62.831	438	62.857	467
62.882	415	62.907	490
62.933	391	62.958	514
62.984	369	63.008	534
63.034	352	63.060	552
63.085	336	63.110	567
63.135	326	63.161	576
63.187	321	63.211	581
63.237	321	63.262	580
63.288	326	63.313	575
63.338	337	63.364	565
63.389	352	63.414	549
63.439	370	63.465	530
63.491	392	63.515	509
63.541	414	63.566	486
63.592	438	63.617	464
63.642	460	63.668	442
63.693	479	63.718	423
63.744	496	63.769	408
63.795	508	63.819	397
63.845	516	63.871	390
63.896	518	63.921	388
63.946	515	63.972	390
63.998	506	64.022	400
64.048	493	64.073	413
64.099	475	64.124	430
64.149	456	64.175	450
64.200	434	64.225	471
64.250	411	64.276	494
64.302	387	64.326	516
64.352	367	64.377	535
64.403	349	64.428	553
64.453	335	64.479	564
64.504	326	64.529	573
64.555	321	64.580	576
64.606	322	64.630	575
64.656	328	64.682	568
64.707	339	64.732	558
64.757	354	64.783	543
64.809	374	64.833	525
64.859	394	64.884	504
64.910	418	64.935	482
64.960	441	64.986	461
65.011	462	65.036	441
65.062	482	65.087	423
65.113	498	65.137	409
65.163	510	65.188	399
65.214	517	65.239	394
65.264	518	65.290	394
65.315	513	65.340	398
65.366	504	65.391	406
65.417	491	65.441	420
65.467	472	65.493	437
65.518	454	65.543	455
65.568	430	65.594	476
65.620	407	65.644	497
65.670	385	65.695	517
65.721	365	65.746	536
65.771	347	65.797	551
65.822	334	65.848	562
65.873	325	65.898	571
65.924	321	65.949	572
65.974	323	65.999	571
66.025	330	66.051	563
66.075	341	66.101	551
66.126	358	66.152	536
66.177	377	66.202	519
66.228	398	66.253	498
66.278	421	66.304	478
66.329	443	66.355	459
66.379	464	66.405	439
66.431	484	66.456	424
66.481	499	66.506	410
66.532	510	66.558	400
66.582	516	66.608	398
66.633	517	66.659	398
66.684	513	66.709	403
66.735	503	66.760	412
66.785	488	66.810	426
66.836	470	66.862	443
66.886	450	66.912	462
66.937	427	66.963	481
66.988	404	67.013	501
67.039	383	67.064	520
67.089	363	67.115	538
67.140	346	67.166	550
67.190	333	67.216	561
67.242	325	67.267	566
67.292	322	67.317	568
67.343	323	67.369	564
67.393	332	67.419	556
67.444	344	67.470	545
67.495	358	67.520	529
67.546	380	67.571	513
67.596	400	67.622	492
67.647	424	67.673	474
67.697	448	67.723	455
67.748	466	67.774	438
67.799	485	67.824	423
67.850	500	67.875	411
67.900	509	67.926	404
67.951	515	67.977	401
68.001	516	68.027	403
68.053	510	68.078	408
68.103	501	68.128	419
68.154	486	68.180	432
68.204	468	68.230	449
68.255	447	68.281	466
68.306	426	68.331	486
68.357	403	68.382	505
68.407	382	68.433	522
68.458	362	68.484	538
68.508	346	68.534	551
68.559	334	68.585	559
68.610	325	68.635	562
68.661	323	68.686	563
68.711	326	68.737	560
68.762	334	68.788	550
68.812	346	68.838	539
68.864	362	68.889	524
68.914	382	68.939	507
68.965	403	68.991	488
69.015	426	69.041	470
69.066	447	69.092	452
69.117	468	69.142	436
69.168	486	69.193	423
69.218	500	69.244	412
69.269	510	69.295	405
69.319	516	69.345	405
69.370	515	69.396	407
69.421	509	69.446	414
69.472	498	69.497	425
69.522	485	69.548	438
69.573	466	69.599	454
69.623	445	69.649	472
69.675	423	69.700	491
69.725	401	69.750	509
69.776	380	69.802	525
69.826	361	69.852	539
69.877	345	69.903	549
69.928	334	69.953	557
69.979	327	70.004	560
70.029	325	70.055	558
70.080	328	70.106	554
70.130	336	70.156	545
70.182	348	70.207	533
70.232	365	70.257	518
70.283	384	70.308	501
70.333	404	70.359	482
70.384	428	70.410	465
70.434	449	70.460	449
70.486	468	70.511	434
70.536	486	70.561	423
70.587	500	70.613	414
70.637	509	70.663	409
70.688	513	70.714	408
70.739	512	70.764	412
70.790	507	70.815	420
70.840	496	70.866	431
70.891	481	70.917	443
70.941	464	70.967	461
70.993	444	71.018	479
71.043	422	71.068	495
71.094	400	71.119	512
71.144	379	71.170	527
71.195	361	71.221	540
71.245	346	71.271	550
71.297	334	71.322	555
71.347	328	71.372	557
71.398	326	71.424	556
71.448	330	71.474	549
71.499	338	71.525	539
71.550	351	71.575	527
71.601	365	71.626	511
71.651	387	71.677	496
71.702	407	71.728	478
71.752	428	71.778	460
71.804	450	71.829	446
71.854	469	71.879	432
71.905	486	71.930	422
71.955	501	71.981	415
72.006	508	72.032	410
72.056	511	72.082	412
72.108	510	72.133	416
72.158	505	72.183	425
72.209	494	72.235	436
72.259	479	72.285	450
72.310	461	72.336	467
72.361	441	72.386	483
72.412	420	72.437	500
72.462	399	72.488	514
72.513	380	72.539	530
72.563	361	72.589	542
72.615	345	72.640	548
72.665	336	72.690	553
72.716	332	72.742	554
72.766	329	72.792	551
72.817	333	72.843	545
72.867	340	72.893	534
72.919	355	72.944	521
72.969	370	72.994	506
73.020	389	73.046	489
73.070	409	73.096	472
73.121	429	73.147	457
73.172	450	73.197	444
73.223	468	73.248	430
73.273	485	73.299	421
73.324	497	73.350	417
73.374	506	73.400	413
73.426	509	73.451	416
73.476	508	73.501	422
73.527	502	73.553	430
73.577	492	73.603	442
73.628	476	73.654	456
73.678	459	73.704	472
73.730	439	73.755	488
73.780	419	73.805	504
73.831	400	73.857	519
73.881	379	73.907	531
73.932	363	73.958	542
73.983	348	74.008	548
74.034	338	74.059	553
74.084	333	74.110	552
74.135	332	74.161	548
74.185	336	74.211	541
74.237	345	74.262	530
74.287	356	74.312	515
74.338	373	74.364	501
74.388	390	74.414	485
74.439	411	74.465	469
74.489	432	74.515	454
74.541	451	74.566	441
74.591	469	74.616	430
74.642	483	74.668	420
74.692	496	74.718	416
74.743	503	74.769	416
74.794	506	74.819	418
74.845	504	74.870	425
74.895	498	74.921	434
74.946	487	74.972	446
74.996	474	75.022	461
75.048	457	75.073	477
75.098	437	75.123	492
75.149	416	75.175	508
75.199	398	75.225	522
75.250	378	75.276	534
75.300	363	75.326	542
75.352	350	75.377	549
75.403	340	75.427	551
75.453	335	75.479	550
75.504	335	75.529	544
75.554	338	75.580	536
75.606	348	75.630	525
75.656	361	75.681	511
75.707	374	75.732	496
75.757	393	75.783	480
75.808	411	75.833	464
75.859	432	75.884	450
75.910	451	75.934	435
75.960	468	75.986	426
76.011	483	76.036	420
76.061	493	76.087	417
76.113	500	76.137	416
76.163	503	76.188	421
76.214	501	76.238	428
76.264	495	76.290	438
76.315	485	76.340	451
76.365	470	76.391	465
76.417	454	76.441	481
76.467	435	76.492	496
76.518	417	76.543	512
76.568	398	76.594	525
76.619	380	76.644	536
76.670	365	76.695	544
76.721	352	76.745	549
76.771	343	76.797	550
76.822	339	76.847	548
76.872	338	76.898	542
76.924	343	76.948	531
76.974	351	76.999	521
77.025	364	77.049	508
77.075	378	77.101	492
77.126	395	77.151	477
77.176	414	77.202	461
77.228	432	77.252	448
77.278	451	77.303	435
77.329	467	77.354	426
77.379	480	77.405	420
77.430	491	77.455	417
77.481	497	77.506	419
77.532	499	77.556	423
77.582	497	77.608	431
77.633	491	77.658	442
77.683	482	77.709	455
77.735	468	77.759	470
77.785	451	77.810	485
77.836	434	77.860	500
77.886	415	77.912	515
77.937	397	77.962	528
77.987	380	78.013	537
78.039	366	78.063	545
78.089	354	78.114	550
78.140	346	78.165	549
78.190	343	78.216	546
78.241	343	78.266	539
78.292	347	78.317	530
78.343	356	78.368	518
78.393	367	78.419	503
78.444	382	78.470	488
78.494	398	78.520	473
78.546	415	78.571	458
78.596	434	78.621	444
78.647	450	78.673	434
78.697	466	78.723	426
78.748	478	78.774	420
78.798	488	78.824	417
78.850	494	78.875	419
78.900	496	78.925	425
78.951	493	78.977	434
79.001	487	79.027	445
79.052	478	79.078	458
79.103	464	79.128	473
79.154	448	79.179	489
79.204	432	79.230	503
79.255	414	79.281	518
79.305	396	79.331	529
79.357	382	79.382	539
79.407	367	79.432	546
79.458	357	79.484	549
79.508	349	79.534	548
79.559	346	79.585	544
79.609	347	79.635	537
79.661	351	79.686	526
79.711	360	79.736	514
79.762	369	79.788	500
79.812	385	79.838	485
79.863	400	79.889	468
79.914	417	79.939	455
79.965	436	79.990	442
80.015	449	80.041	431
80.066	465	80.092	424
80.116	477	80.142	419
80.168	485	80.193	418
80.218	490	80.243	420
80.269	492	80.295	427
80.319	489	80.345	436
80.370	483	80.396	447
80.420	473	80.446	461
80.472	460	80.497	476
80.522	446	80.547	492
80.573	429	80.599	506
80.623	413	80.649	520
80.674	397	80.700	531
80.725	381	80.750	541
80.776	369	80.801	546
80.826	359	80.852	549
80.877	353	80.903	548
80.927	351	80.953	542
80.979	351	81.004	535
81.029	356	81.054	524
81.080	364	81.106	512
81.130	375	81.156	497
81.181	389	81.207	482
81.231	403	81.257	467
81.283	419	81.308	451
81.333	436	81.358	442
81.384	450	81.410	429
81.434	464	81.460	423
81.485	475	81.511	420
81.536	482	81.561	418
81.587	487	81.612	422
81.638	487	81.663	430
81.688	485	81.714	438
81.739	478	81.764	449
81.790	468	81.815	464
81.841	457	81.865	478
81.891	443	81.917	494
81.942	427	81.967	509
81.992	411	82.018	522
82.044	397	82.068	532
82.094	383	82.119	541
82.145	371	82.169	546
82.195	362	82.221	546
82.246	356	82.271	546
82.296	354	82.322	541
82.348	354	82.372	533
82.398	360	82.423	522
82.449	368	82.474	509
82.499	378	82.525	495
82.550	392	82.575	480
82.601	405	82.626	465
82.652	419	82.676	451
82.702	435	82.728	437
82.753	450	82.778	430
82.803	463	82.829	423
82.855	473	82.879	417
82.905	480	82.930	420
82.956	483	82.980	423
83.006	483	83.032	431
83.057	480	83.082	440
83.107	474	83.133	453
83.159	463	83.183	467
83.209	452	83.234	481
83.260	440	83.285	496
83.310	425	83.336	510
83.361	410	83.386	522
83.412	396	83.437	535
83.463	383	83.487	541
83.513	373	83.539	546
83.564	365	83.589	547
83.614	360	83.640	545
83.666	358	83.690	539
83.716	359	83.741	531
83.767	364	83.791	519
83.817	373	83.843	507
83.868	383	83.893	492
83.918	396	83.944	476
83.970	409	83.994	463
84.020	423	84.045	450
84.071	440	84.096	438
84.121	450	84.147	428
84.172	462	84.197	423
84.223	470	84.248	420
84.274	477	84.298	421
84.324	480	84.350	425
84.375	480	84.400	432
84.425	476	84.451	442
84.477	469	84.501	455
84.527	460	84.552	468
84.578	448	84.602	483
84.628	436	84.654	498
84.679	422	84.705	511
84.729	409	84.755	524
84.781	395	84.806	535
84.831	384	84.856	542
84.882	374	84.908	545
84.932	367	84.958	546
84.983	363	85.009	544
85.034	362	85.059	538
85.085	364	85.110	529
85.135	370	85.161	518
85.186	377	85.212	505
85.236	387	85.262	490
85.288	401	85.313	477
85.338	412	85.363	462
85.389	426	85.415	450
85.439	438	85.465	438
85.490	450	85.516	429
85.540	462	85.566	423
85.592	469	85.617	421
85.642	474	85.667	422
85.693	476	85.719	426
85.743	476	85.769	434
85.794	470	85.820	444
85.845	466	85.870	456
85.896	455	85.921	470
85.946	445	85.972	484
85.997	432	86.023	499
86.047	419	86.073	512
86.099	406	86.124	524
86.149	395	86.174	532
86.200	384	86.226	541
86.250	375	86.276	545
86.301	370	86.327	545
86.351	366	86.377	541
86.403	367	86.428	537
86.453	369	86.478	527
86.504	374	86.530	516
86.554	382	86.580	501
86.605	392	86.631	488
86.656	403	86.681	475
86.707	415	86.732	461
86.757	429	86.783	449
86.808	440	86.834	438
86.858	450	86.884	430
86.910	460	86.935	424
86.960	466	86.985	422
87.011	471	87.037	424
87.061	472	87.087	429
87.112	471	87.138	435
87.162	468	87.188	446
87.214	461	87.239	459
87.264	451	87.289	472
87.315	440	87.341	486
87.365	429	87.391	500
87.416	416	87.442	511
87.467	405	87.492	523
87.518	394	87.543	534
87.568	384	87.594	540
87.619	376	87.645	543
87.669	372	87.695	543
87.721	369	87.746	539
87.771	369	87.796	534
87.822	373	87.848	525
87.872	379	87.898	515
87.923	386	87.949	501
87.974	396	87.999	486
88.025	407	88.050	473
88.075	419	88.100	461
88.126	430	88.152	449
88.176	441	88.202	438
88.227	451	88.253	430
88.278	460	88.303	426
88.329	465	88.354	424
88.379	468	88.405	426
88.430	469	88.456	430
88.480	467	88.506	438
88.532	462	88.557	448
88.582	456	88.607	460
88.633	447	88.659	473
88.683	436	88.709	487
88.734	425	88.760	500
88.785	414	88.810	513
88.836	401	88.861	524
88.886	393	88.911	533
88.937	385	88.963	539
88.987	378	89.013	542
89.038	375	89.064	541
89.089	373	89.114	538
89.140	373	89.165	532
89.191	377	89.216	523
89.241	384	89.267	512
89.292	391	89.317	499
89.343	401	89.368	486
89.394	410	89.418	473
89.444	421	89.470	460
89.495	433	89.520	449
89.545	443	89.571	438
89.597	452	89.621	432
89.647	459	89.672	427
89.698	464	89.722	424
89.748	466	89.774	428
89.799	466	89.824	433
89.849	464	89.875	440
89.901	458	89.925	450
89.951	451	89.976	462
90.002	443	90.027	475
90.052	433	90.078	488
90.103	422	90.128	501
90.154	411	90.179	513
90.205	401	90.229	522
90.255	392	90.281	531
90.306	384	90.331	536
90.356	379	90.382	540
90.408	376	90.432	539
90.458	375	90.483	536
90.509	377	90.534	528
90.559	381	90.585	521
90.610	386	90.635	510
90.660	395	90.686	498
90.712	404	90.736	485
90.762	414	90.787	472
90.813	424	90.838	460
90.863	435	90.889	449
90.914	444	90.939	440
90.965	452	90.990	433
91.016	457	91.040	431
91.066	462	91.092	429
91.117	464	91.142	430
91.167	463	91.193	435
91.219	461	91.243	443
91.269	453	91.294	453
91.320	448	91.345	463
91.370	441	91.396	476
91.421	429	91.446	489
91.471	417	91.497	501
91.523	409	91.547	512
91.573	399	91.598	522
91.624	391	91.649	529
91.674	384	91.700	535
91.725	380	91.750	536
91.776	378	91.801	536
91.827	377	91.851	533
91.877	380	91.903	526
91.928	384	91.953	518
91.978	391	92.004	508
92.030	400	92.054	497
92.080	408	92.105	484
92.131	417	92.156	472
92.181	427	92.207	460
92.232	437	92.258	449
92.282	446	92.308	442
92.334	452	92.359	436
92.384	458	92.409	432
92.435	462	92.461	431
92.485	462	92.511	433
92.536	461	92.562	438
92.587	456	92.612	445
92.638	452	92.663	454
92.688	445	92.714	466
92.739	435	92.765	477
92.789	425	92.815	489
92.841	415	92.866	500
92.891	407	92.916	512
92.942	398	92.968	521
92.992	390	93.018	528
93.043	384	93.069	532
93.094	381	93.119	534
93.145	379	93.170	533
93.195	380	93.220	530
93.246	383	93.272	524
93.296	387	93.322	515
93.347	394	93.373	505
93.398	402	93.423	494
93.449	410	93.474	483
93.499	421	93.525	472
93.550	431	93.576	461
93.600	439	93.626	451
93.652	447	93.677	443
93.702	453	93.727	438
93.753	457	93.779	435
93.803	460	93.829	433
93.854	461	93.880	437
93.905	458	93.930	441
93.956	454	93.981	448
94.006	448	94.031	458
94.057	440	94.083	467
94.107	433	94.133	478
94.158	422	94.184	491
94.209	413	94.234	500
94.260	404	94.285	510
94.310	396	94.336	519
94.361	390	94.387	525
94.411	385	94.437	530
94.463	381	94.488	531
94.513	381	94.538	529
94.564	382	94.590	527
94.614	385	94.640	520
94.665	390	94.691	513
94.716	398	94.741	503
94.767	405	94.792	493
94.817	415	94.842	481
94.868	423	94.894	471
94.918	433	94.944	461
94.969	441	94.995	452
95.020	448	95.045	444
95.071	453	95.096	439
95.121	458	95.147	436
95.172	459	95.198	438
95.222	458	95.248	440
95.274	456	95.299	444
95.324	452	95.349	451
95.375	446	95.401	459
95.425	438	95.451	470
95.476	429	95.502	480
95.527	420	95.552	490
95.578	411	95.603	501
95.628	402	95.654	510
95.679	395	95.705	518
95.729	389	95.755	523
95.780	385	95.806	527
95.831	382	95.856	528
95.882	382	95.907	525
95.933	384	95.958	522
95.983	388	96.009	517
96.034	393	96.059	509
96.085	400	96.110	501
96.136	409	96.160	490
96.186	417	96.212	480
96.237	427	96.262	471
96.287	435	96.313	461
96.339	443	96.363	453
96.389	448	96.414	447
96.440	454	96.465	443
96.490	457	96.516	441
96.541	459	96.566	440
96.591	458	96.617	443
96.643	453	96.667	448
96.693	449	96.718	455
96.744	443	96.769	463
96.794	436	96.820	472
96.845	427	96.870	481
96.896	418	96.921	491
96.947	408	96.971	501
96.997	401	97.023	509
97.048	394	97.073	516
97.098	388	97.124	521
97.150	386	97.174	524
97.200	383	97.225	524
97.251	383	97.276	523
97.301	385	97.327	519
97.352	390	97.377	513
97.402	395	97.428	506
97.454	404	97.478	497
97.504	411	97.529	490
97.555	419	97.580	479
97.605	427	97.631	470
97.656	437	97.681	462
97.707	443	97.732	455
97.758	450	97.782	449
97.808	454	97.834	446
97.859	457	97.884	444
97.909	457	97.935	444
97.961	456	97.985	447
98.011	453	98.036	452
98.062	445	98.087	458
98.112	440	98.138	466
98.163	432	98.188	475
98.214	424	98.239	483
98.265	415	98.289	492
98.315	407	98.340	500
98.366	400	98.391	508
98.416	393	98.442	514
98.467	389	98.492	515
98.518	384	98.543	520
98.569	384	98.593	521
98.619	384	98.645	520
98.670	387	98.695	515
98.720	391	98.746	510
98.772	396	98.796	504
98.822	405	98.847	495
98.873	413	98.898	487
98.923	421	98.949	479
98.974	430	99.000	470
99.025	437	99.050	461
99.076	445	99.101	457
99.126	450	99.151	452
99.177	454	99.203	448
99.227	456	99.253	447
99.278	457	99.304	448
99.329	455	99.354	451
99.380	451	99.405	455
99.430	446	99.456	461
99.481	438	99.507	469
99.531	431	99.557	477
99.583	423	99.608	484
99.633	415	99.658	493
99.684	406	99.710	500
99.734	399	99.760	506
99.785	393	99.811	512
99.836	388	99.861	516
99.887	385	99.912	517
99.937	385	99.962	517
99.988	387	100.014	515
100.038	389	100.064	513
100.089	393	100.115	506
100.140	400	100.165	500
100.191	407	100.216	492
100.241	415	100.267	484
100.292	423	100.318	476
100.342	432	100.368	469
100.394	439	100.419	461
100.444	446	100.469	457
100.495	448	100.521	453
100.545	454	100.571	451
100.596	456	100.622	450
100.647	455	100.672	451
100.698	453	100.723	455
100.748	450	100.774	459
100.799	443	100.825	465
100.849	437	100.875	471
100.900	429	100.926	479
100.951	421	100.976	487
101.002	413	101.027	494
101.052	405	101.078	499
101.103	399	101.129	506
101.153	393	101.179	510
101.205	388	101.230	513
101.255	386	101.280	514
101.306	386	101.332	513
101.356	387	101.382	510
101.407	392	101.433	507
101.458	394	101.483	503
101.509	402	101.534	496
101.559	408	101.585	489
101.610	416	101.636	482
101.660	423	101.686	476
101.711	432	101.737	467
101.762	439	101.787	461
101.813	445	101.838	458
101.863	451	101.889	456
101.914	453	101.940	454
101.964	455	101.990	454
102.016	454	102.041	455
102.066	453	102.091	459
102.117	448	102.143	464
102.167	442	102.193	469
102.218	434	102.244	474
102.269	428	102.294	481
102.320	421	102.345	488
102.370	412	102.396	494
102.421	404	102.447	500
102.471	398	102.497	505
102.522	393	102.548	508
102.573	389	102.598	511
102.624	386	102.649	511
102.674	387	102.700	510
102.725	389	102.751	507
102.775	392	102.801	503
102.827	397	102.852	499
102.877	402	102.902	493
102.928	409	102.954	487
102.978	419	103.004	481
103.029	425	103.055	476
103.080	433	103.105	469
103.131	439	103.156	464
103.181	445	103.207	460
103.232	448	103.258	458
103.282	453	103.308	457
103.334	454	103.359	457
103.384	453	103.409	459
103.435	450	103.460	463
103.485	447	103.511	468
103.536	441	103.562	472
103.586	434	103.612	477
103.638	427	103.663	484
103.688	419	103.713	491
103.739	411	103.765	494
103.789	405	103.815	500
103.840	398	103.866	504
103.891	394	103.916	506
103.942	390	103.967	508
103.992	388	104.018	507
104.043	388	104.069	506
104.093	390	104.119	504
104.145	393	104.170	500
104.195	398	104.220	495
104.246	404	104.271	490
104.296	410	104.322	484
104.347	418	104.373	476
104.397	425	104.423	473
104.449	433	104.474	468
104.499	439	104.524	464
104.550	445	104.576	463
104.600	449	104.626	460
104.651	452	104.677	460
104.702	453	104.727	460
104.753	452	104.778	463
104.803	449	104.829	465
104.854	444	104.880	471
104.904	440	104.930	475
104.956	433	104.981	480
105.006	426	105.031	487
105.057	419	105.082	492
105.107	412	105.133	495
105.158	405	105.184	500
105.208	399	105.234	502
105.260	394	105.285	504
105.310	391	105.335	505
105.361	389	105.387	504
105.411	389	105.437	503
105.462	391	105.488	500
105.513	395	105.538	496
105.564	399	105.589	492
105.614	405	105.640	487
105.665	411	105.691	482
105.715	418	105.741	477
105.767	426	105.792	471
105.817	433	105.842	468
105.868	439	105.894	465
105.918	445	105.944	463
105.969	448	105.995	462
106.019	451	106.045	462
106.071	453	106.096	464
106.121	450	106.146	467
106.172	448	106.198	470
106.222	444	106.248	472
106.273	439	106.299	478
106.324	433	106.349	484
106.375	426	106.400	488
106.425	418	106.451	492
106.476	412	106.502	495
106.526	405	106.552	499
106.578	401	106.603	501
106.628	396	106.653	502
106.679	392	106.705	503
106.729	391	106.755	501
106.780	391	106.806	500
106.830	393	106.856	497
106.882	395	106.907	494
106.932	400	106.957	489
106.983	406	107.009	484
107.033	412	107.059	480
107.084	418	107.110	475
107.135	426	107.160	472
107.186	432	107.211	468
107.236	438	107.262	466
107.287	442	107.313	464
107.337	447	107.363	464
107.389	449	107.414	466
107.439	450	107.464	468
107.490	449	107.516	469
107.540	446	107.566	473
107.591	442	107.617	476
107.641	438	107.667	480
107.693	432	107.718	485
107.743	425	107.768	489
107.794	418	107.820	493
107.844	412	107.870	497
107.895	406	107.921	499
107.947	401	107.971	500
107.997	398	108.022	501
108.048	393	108.073	501
108.098	393	108.124	500
108.149	392	108.174	496
108.200	394	108.225	494
108.251	396	108.275	490
108.301	401	108.327	486
108.352	406	108.377	482
108.402	413	108.428	477
108.454	419	108.478	474
108.504	425	108.529	471
108.555	432	108.579	469
108.605	437	108.631	467
108.656	442	108.681	466
108.706	445	108.732	466
108.758	447	108.782	468
108.808	450	108.833	469
108.859	447	108.884	473
108.909	445	108.935	476
108.960	442	108.985	479
109.011	437	109.036	483
109.062	431	109.086	486
109.112	425	109.138	490
109.163	419	109.188	494
109.213	413	109.239	496
109.265	407	109.289	498
109.315	402	109.340	499
109.366	398	109.390	499
109.416	395	109.442	498
109.467	394	109.492	495
109.517	394	109.543	494
109.569	395	109.593	491
109.619	399	109.644	488
109.670	403	109.695	484
109.720	407	109.746	480
109.771	413	109.796	477
109.822	419	109.847	474
109.873	425	109.897	471
109.923	429	109.949	469
109.974	436	109.999	468
110.024	440	110.050	467
110.076	443	110.100	469
110.126	445	110.151	469
110.177	447	110.201	472
110.227	446	110.253	475
110.278	443	110.303	478
110.328	440	110.354	481
110.380	436	110.404	485
110.430	431	110.455	488
110.481	425	110.506	491
110.531	419	110.557	494
110.582	414	110.607	496
110.633	408	110.658	497
110.684	403	110.708	497
110.734	400	110.760	497
110.785	398	110.810	496
110.835	396	110.861	493
110.887	396	110.911	492
110.937	398	110.962	488
110.988	400	111.012	485
111.038	403	111.064	481
111.089	408	111.115	478
111.139	413	111.165	475
111.191	419	111.216	473
111.241	425	111.266	471
111.292	430	111.318	470
111.342	434	111.368	469
111.393	439	111.419	469
111.444	442	111.469	471
111.495	444	111.520	472
111.545	445	111.571	474
111.596	444	111.622	477
111.646	442	111.672	481
111.698	439	111.723	483
111.748	436	111.773	486
111.799	431	111.825	489
111.849	426	111.875	491
111.900	420	111.926	494
111.950	414	111.976	496
112.002	410	112.027	496
112.052	405	112.077	497
112.103	402	112.129	496
112.153	400	112.179	494
112.204	398	112.230	492
112.255	398	112.280	489
112.306	399	112.331	487
112.356	401	112.382	484
112.407	405	112.433	480
112.457	408	112.483	477
112.509	413	112.534	475
112.559	416	112.584	473
112.610	423	112.636	471
112.660	429	112.686	469
112.711	433	112.737	471
112.761	437	112.787	470
112.813	440	112.838	473
112.863	441	112.888	474
112.914	443	112.940	476
112.964	442	112.990	479
113.015	440	113.041	482
113.066	438	113.091	485
113.117	434	113.142	487
113.167	429	113.193	490
113.218	425	113.244	492
113.268	421	113.294	494
113.320	416	113.345	495
113.370	409	113.395	495
113.421	408	113.447	494
113.471	404	113.497	494
113.522	401	113.548	492
113.572	401	113.598	490
113.624	400	113.649	488
113.674	401	113.699	484
113.725	403	113.751	482
113.775	406	113.801	479
113.826	409	113.852	476
113.877	413	113.902	474
113.928	419	113.953	473
113.978	423	114.004	472
114.029	428	114.055	470
114.079	432	114.105	472
114.131	435	114.156	472
114.181	438	114.206	472
114.232	439	114.258	475
114.282	440	114.308	477
114.333	440	114.359	481
114.383	438	114.409	483
114.435	436	114.460	485
114.485	434	114.510	488
114.536	431	114.562	490
114.586	426	114.612	492
114.637	421	114.663	493
114.688	417	114.713	494
114.739	413	114.764	494
114.790	409	114.815	493
114.840	406	114.866	492
114.891	403	114.916	490
114.942	402	114.967	488
114.993	402	115.017	486
115.043	403	115.069	483
115.094	404	115.119	480
115.144	407	115.170	479
115.196	410	115.220	477
115.246	414	115.271	474
115.297	418	115.321	473
115.347	422	115.373	472
115.398	426	115.423	472
115.448	430	115.474	473
115.500	433	115.524	474
115.550	436	115.575	475
115.601	438	115.626	478
115.651	438	115.677	479
115.702	438	115.727	481
115.753	437	115.778	483
115.804	435	115.828	486
115.854	434	115.880	488
115.905	429	115.930	490
115.955	426	115.981	491
116.007	422	116.031	492
116.057	418	116.082	492
116.108	414	116.132	493
116.158	411	116.184	492
116.209	407	116.234	490
116.259	405	116.285	489
116.311	405	116.335	486
116.361	405	116.386	485
116.412	405	116.437	481
116.462	406	116.488	480
116.513	408	116.538	479
116.564	410	116.589	476
116.615	414	116.639	476
116.665	417	116.691	474
116.716	421	116.741	474
116.766	426	116.792	473
116.818	429	116.842	474
116.868	432	116.893	475
116.919	434	116.943	477
116.969	436	116.995	478
117.020	436	117.045	480
117.070	436	117.096	482
117.122	436	117.146	484
117.172	435	117.197	486
117.223	432	117.248	488
117.273	429	117.299	490
117.324	426	117.349	490
117.375	422	117.400	491
117.426	419	117.450	491
117.476	415	117.502	490
117.527	412	117.552	491
117.577	410	117.603	489
117.629	407	117.653	487
117.679	406	117.704	486
117.730	405	117.754	483
117.780	406	117.806	482
117.831	406	117.857	480
117.881	409	117.907	479
117.933	411	117.958	477
117.983	415	118.008	475
118.034	417	118.060	475
118.084	420	118.110	475
118.135	424	118.161	475
118.186	427	118.211	475
118.237	431	118.262	477
118.287	432	118.313	478
118.338	434	118.364	479
118.388	435	118.414	481
118.440	436	118.465	483
118.490	434	118.515	485
118.541	433	118.567	486
118.591	431	118.617	487
118.642	429	118.668	489
118.692	425	118.718	489
118.744	423	118.769	490
118.794	419	118.819	490
118.845	417	118.871	489
118.895	414	118.921	488
118.946	411	118.972	487
118.997	409	119.022	486
119.048	408	119.073	484
119.098	407	119.124	484
119.149	407	119.175	481
119.199	408	119.225	480
119.251	410	119.276	478
119.301	412	119.326	477
119.352	414	119.378	476
119.402	415	119.428	476
119.453	421	119.479	477
119.503	423	119.529	477
119.555	426	119.580	478
119.605	428	119.630	477
119.656	431	119.682	480
119.706	432	119.732	481
119.757	434	119.783	482
119.808	434	119.833	484
119.859	434	119.884	485
119.909	432	119.935	486
119.960	431	119.986	487
120.010	430	120.036	488
120.062	426	120.087	490
120.112	422	120.137	488
120.163	420	120.189	488
120.213	419	120.239	487
120.264	415	120.290	487
120.314	412	120.340	487
120.366	411	120.391	485
120.416	410	120.441	482
120.467	411	120.493	481
120.517	410	120.543	481
120.568	409	120.594	480
120.619	411	120.644	479
120.670	411	120.695	479
120.720	414	120.746	478
120.771	417	120.797	478
120.821	419	120.847	478
120.873	422	120.898	478
120.923	425	120.948	478
120.974	427	121.000	480
121.024	429	121.050	481
121.075	431	121.101	481
121.126	432	121.151	482
121.177	433	121.202	484
121.227	432	121.252	484
121.278	432	121.304	486
121.328	430	121.354	486
121.379	429	121.405	486
121.430	426	121.455	487
121.481	424	121.506	487
121.531	420	121.557	484
121.582	419	121.608	486
121.632	416	121.658	485
121.684	414	121.709	485
121.734	412	121.759	483
121.785	411	121.811	483
121.835	410	121.861	482
121.886	412	121.912	481
121.937	411	121.962	480
121.988	412	122.013	480
122.038	413	122.063	479
122.089	414	122.115	481
122.139	418	122.165	480
122.190	419	122.216	479
122.241	422	122.266	478
122.292	424	122.317	480
122.343	426	122.368	481
122.393	428	122.419	480
122.444	429	122.469	482
122.495	431	122.520	483
122.546	431	122.570	484
122.596	431	122.622	485
122.647	431	122.672	485
122.697	430	122.723	485
122.749	429	122.773	485
122.799	425	122.824	484
122.850	424	122.874	485
122.900	421	122.926	485
122.951	420	122.976	484
123.001	417	123.027	485
123.053	416	123.077	484
123.103	413	123.128	482
123.154	412	123.179	482
123.204	412	123.230	482
123.255	411	123.280	481
123.306	412	123.331	481
123.357	412	123.381	480
123.407	415	123.433	480
123.458	415	123.483	480
123.508	417	123.534	481
123.560	419	123.584	480
123.610	421	123.635	482
123.661	423	123.686	483
123.711	425	123.737	482
123.762	427	123.787	483
123.812	429	123.838	483
123.864	429	123.888	483
123.914	430	123.939	484
123.965	430	123.990	484
124.015	430	124.041	484
124.066	429	124.091	485
124.117	428	124.142	484
124.168	427	124.192	483
124.218	425	124.244	483
124.269	423	124.294	483
124.319	420	124.345	484
124.371	418	124.395	483
124.421	416	124.446	482
124.472	415	124.497	483
124.522	413	124.548	482
124.573	414	124.598	482
124.623	412	124.649	480
124.675	412	124.699	481
124.725	412	124.750	481
124.776	413	124.801	481
124.826	415	124.852	482
124.877	417	124.902	482
124.928	419	124.953	482
124.979	420	125.003	482
125.029	422	125.055	483
125.080	425	125.105	483
125.130	427	125.156	482
125.182	428	125.206	483
125.232	429	125.257	483
125.283	430	125.308	482
125.333	431	125.359	483
125.384	429	125.410	483
125.434	428	125.460	483
125.486	427	125.511	483
125.536	426	125.561	484
125.587	424	125.613	482
125.637	422	125.663	483
125.688	421	125.714	483
125.739	419	125.764	484
125.790	417	125.815	483
125.840	415	125.866	482
125.891	414	125.917	483
125.941	413	125.967	482
125.993	413	126.018	482
126.043	413	126.068	482
126.094	413	126.120	482
126.144	414	126.170	483
126.195	416	126.221	482
126.246	416	126.271	482
126.297	419	126.322	484
126.347	420	126.372	483
126.398	422	126.424	482
126.448	424	126.474	482
126.499	425	126.525	482
126.550	427	126.575	482
126.601	428	126.626	483
126.651	429	126.677	482
126.702	429	126.728	483
126.752	430	126.778	483
126.804	428	126.829	482
126.854	428	126.879	482
126.905	426	126.931	483
126.955	424	126.981	483
127.006	423	127.032	482
127.057	421	127.082	483
127.108	419	127.133	483
127.158	417	127.183	483
127.209	415	127.235	482
127.259	415	127.285	482
127.310	415	127.336	482
127.361	414	127.386	482
127.412	413	127.437	482
127.462	413	127.488	482
127.513	415	127.539	482
127.563	415	127.589	483
127.615	416	127.640	482
127.665	418	127.690	483
127.716	420	127.742	482
127.766	422	127.792	483
127.817	423	127.843	482
127.868	426	127.893	482
127.919	426	127.944	483
127.969	429	127.994	482
128.020	428	128.046	483
128.070	427	128.096	483
128.121	428	128.147	483
128.172	428	128.197	483
128.223	428	128.248	482
128.273	426	128.299	482
128.324	424	128.350	483
128.374	423	128.400	482
128.426	422	128.451	482
128.476	420	128.501	482
128.527	418	128.553	482
128.577	416	128.603	482
128.628	416	128.654	482
128.679	414	128.704	482
128.730	415	128.755	482
128.780	413	128.806	483
128.831	414	128.857	482
128.881	415	128.907	483
128.932	416	128.958	482
128.983	417	129.008	483
129.034	418	129.059	482
129.085	419	129.110	482
129.135	422	129.161	481
129.186	423	129.211	483
129.237	425	129.262	482
129.288	427	129.312	483
129.338	427	129.364	483
129.389	428	129.414	482
129.439	428	129.465	483
129.491	428	129.515	483
129.541	427	129.566	483
129.592	428	129.617	483
129.642	426	129.668	483
129.693	424	129.718	483
129.743	423	129.769	482
129.795	422	129.819	482
129.845	420	129.870	483
129.896	418	129.921	482
129.946	417	129.972	482
129.997	416	130.022	482
130.048	415	130.073	483
130.099	415	130.123	482
130.149	415	130.175	482
130.200	415	130.225	483
130.250	416	130.276	482
130.302	415	130.326	483
130.352	419	130.377	482
130.403	417	130.428	483
130.453	420	130.479	482
130.504	422	130.529	484
130.554	423	130.580	483
130.606	424	130.630	483
130.656	425	130.681	482
130.707	426	130.732	482
130.757	426	130.783	483
130.808	426	130.833	482
130.859	427	130.884	482
130.910	427	130.934	483
130.960	426	130.986	483
131.011	425	131.036	482
131.061	424	131.087	482
131.113	423	131.137	482
131.163	422	131.188	482
131.214	420	131.239	482
131.264	418	131.290	483
131.315	417	131.340	480
131.366	417	131.391	482
131.417	416	131.441	483
131.467	416	131.492	482
131.518	417	131.543	482
131.568	416	131.594	483
131.619	416	131.644	482
131.670	417	131.695	482
131.721	416	131.745	482
131.771	419	131.797	482
131.822	420	131.847	482
131.872	421	131.898	482
131.924	422	131.948	483
131.974	424	131.999	482
132.025	424	132.050	483
132.075	425	132.101	482
132.126	426	132.152	483
132.177	427	132.202	482
132.228	427	132.253	483
132.278	426	132.303	482
132.329	426	132.355	482
132.379	426	132.405	483
132.430	424	132.456	482
132.481	424	132.506	482
132.532	422	132.557	482
132.582	420	132.608	483
132.633	419	132.659	482
132.683	419	132.709	483
132.735	417	132.760	483
132.785	416	132.810	483
132.836	417	132.862	482
132.886	416	132.912	482
132.937	416	132.963	482
132.988	417	133.013	482
133.039	417	133.064	482
133.089	419	133.114	482
133.140	419	133.166	482
133.190	420	133.216	482
133.241	422	133.267	483
133.292	423	133.317	482
133.343	424	133.368	483
133.393	424	133.419	484
133.444	426	133.470	482
133.494	425	133.520	482
133.546	426	133.571	482
133.596	426	133.621	483
133.647	427	133.673	482
133.697	425	133.723	482
133.748	425	133.774	482
133.799	422	133.824	482
133.850	423	133.875	483
133.900	421	133.926	482
133.951	421	133.977	483
134.001	419	134.027	483
134.052	418	134.078	482
134.103	418	134.128	483
134.154	418	134.179	483
134.204	417	134.230	482
134.255	417	134.281	483
134.305	417	134.331	482
134.357	415	134.382	482
134.407	418	134.432	482
134.458	420	134.484	482
134.508	419	134.534	483
134.559	420	134.585	482
134.610	422	134.635	482
134.661	422	134.686	483
134.711	424	134.737	482
134.762	424	134.788	482
134.812	425	134.838	482
134.863	426	134.889	482
134.914	426	134.939	482
134.965	426	134.990	482
135.015	426	135.041	482
135.066	425	135.092	482
135.116	424	135.142	482
135.168	425	135.193	483
135.218	422	135.243	483
135.269	422	135.295	482
135.319	420	135.345	482
135.370	420	135.396	482
135.421	418	135.446	482
135.472	419	135.497	483
135.522	418	135.548	483
135.573	417	135.599	482
135.623	418	135.649	482
135.674	417	135.700	482
135.725	418	135.750	482
135.776	418	135.801	482
135.826	419	135.852	482
135.877	420	135.903	483
135.927	421	135.953	483
135.979	421	136.004	483
136.029	423	136.054	482
136.080	423	136.106	483
136.130	424	136.156	482
136.181	426	136.207	483
136.232	425	136.257	483
136.283	425	136.308	482
136.333	425	136.359	483
136.384	425	136.410	482
136.434	424	136.460	482
136.486	424	136.511	482
136.536	422	136.561	482
136.587	422	136.612	481
136.637	421	136.663	482
136.688	421	136.714	482
136.738	419	136.764	482
136.790	419	136.815	483
136.840	418	136.865	483
136.891	417	136.917	482
136.941	418	136.967	483
136.992	417	137.018	482
137.043	418	137.068	482
137.094	418	137.119	483
137.144	419	137.170	482
137.195	419	137.221	482
137.245	420	137.271	481
137.297	420	137.322	482
137.347	422	137.372	483
137.398	422	137.423	482
137.448	423	137.474	482
137.499	424	137.525	483
137.549	425	137.575	482
137.601	425	137.626	482
137.651	425	137.676	482
137.702	425	137.728	482
137.752	425	137.778	482
137.803	424	137.829	482
137.854	423	137.879	482
137.905	422	137.930	483
137.955	422	137.981	482
138.006	421	138.032	483
138.056	421	138.082	483
138.108	420	138.133	482
138.158	419	138.183	482
138.209	419	138.234	483
138.259	419	138.285	482
138.310	418	138.336	482
138.360	417	138.386	482
138.412	418	138.437	481
138.462	419	138.487	482
138.513	419	138.539	483
138.563	420	138.589	482
138.614	421	138.640	482
138.665	421	138.690	482
138.716	421	138.741	483
138.766	423	138.792	482
138.817	423	138.843	483
138.867	423	138.893	482
138.919	424	138.944	482
138.969	425	138.994	482
139.020	424	139.046	482
139.070	425	139.096	482
139.121	424	139.147	482
139.171	423	139.197	482
139.223	423	139.248	482
139.273	422	139.298	482
139.324	424	139.350	484
139.374	421	139.400	483
139.425	420	139.451	482
139.476	420	139.501	482
139.527	419	139.552	482
139.577	419	139.603	483
139.628	418	139.654	483
139.678	418	139.704	482
139.730	419	139.755	482
139.780	419	139.805	482
139.831	419	139.857	481
139.881	420	139.907	482
139.932	421	139.958	482
139.982	421	140.008	482
140.034	420	140.059	482
140.084	422	140.109	483
140.135	423	140.161	482
140.185	423	140.211	482
140.236	425	140.262	482
140.287	424	140.312	481
140.338	425	140.363	482
140.388	424	140.414	483
140.439	425	140.465	482
140.489	424	140.515	481
140.541	424	140.566	483
140.591	423	140.616	482
140.642	422	140.668	482
140.692	421	140.718	482
140.743	421	140.769	482
140.793	419	140.819	482
140.845	420	140.870	482
140.895	419	140.920	482
140.946	419	140.972	483
140.996	419	141.022	483
141.047	419	141.073	482
141.098	419	141.123	482
141.149	419	141.174	482
141.199	420	141.225	482
141.250	420	141.276	483
141.300	420	141.326	483
141.352	421	141.377	483
141.402	422	141.427	483
141.453	422	141.479	481
141.503	423	141.529	482
141.554	424	141.580	482
141.604	423	141.630	482
141.656	424	141.681	482
141.707	424	141.731	482
141.757	424	141.783	482
141.808	424	141.833	483
141.858	424	141.884	482
141.910	423	141.934	482
141.960	423	141.985	482
142.011	422	142.036	482
142.061	421	142.087	482
142.112	422	142.137	480
142.163	421	142.188	482
142.214	420	142.238	482
142.264	420	142.290	483
142.315	419	142.340	482
142.365	419	142.391	482
142.417	419	142.441	482
142.467	419	142.492	482
142.518	419	142.542	482
142.568	420	142.594	482
142.619	420	142.644	482
142.669	420	142.695	482
142.721	421	142.745	482
142.771	421	142.796	484
142.822	422	142.847	482
142.872	425	142.898	482
142.923	423	142.948	482
142.974	424	142.999	482
143.025	424	143.049	483
143.075	423	143.101	482
143.126	424	143.151	483
143.176	424	143.202	482
143.228	423	143.252	482
143.278	423	143.303	481
143.329	421	143.353	481
143.379	422	143.405	482
143.430	421	143.455	481
143.480	422	143.506	483
143.532	421	143.556	482
143.582	420	143.607	482
143.633	420	143.658	482
143.683	420	143.709	483
143.734	420	143.759	482
143.785	419	143.810	484
143.836	419	143.860	482
143.886	419	143.912	482
143.937	420	143.962	482
143.987	421	144.013	482
144.039	421	144.063	482
144.089	421	144.114	482
144.140	423	144.164	482
144.190	423	144.216	482
144.241	423	144.266	482
144.291	423	144.317	482
144.343	423	144.367	480
144.393	423	144.418	483
144.444	423	144.469	482
144.494	423	144.520	483
144.545	423	144.570	482
144.596	424	144.621	482
144.647	422	144.672	482
144.697	421	144.723	482
144.748	422	144.774	481
144.798	421	144.824	482
144.850	419	144.875	482
144.900	420	144.925	482
144.951	420	144.977	482
145.001	419	145.027	482
145.052	420	145.078	482
145.102	419	145.128	482
145.154	420	145.179	482
145.204	420	145.229	482
145.255	421	145.281	482
145.305	421	145.331	482
145.356	421	145.382	482
145.407	421	145.432	482
145.458	422	145.483	484
145.508	422	145.534	482
145.559	423	145.585	482
145.609	423	145.635	482
145.661	423	145.686	482
145.711	423	145.736	482
145.762	423	145.788	482
145.812	422	145.838	481
145.863	422	145.889	483
145.913	422	145.939	482
145.965	423	145.990	482
146.015	423	146.040	483
146.066	421	146.092	482
146.116	422	146.142	481
146.167	421	146.193	482
146.218	421	146.243	481
146.269	420	146.294	482
146.319	420	146.345	481
146.370	420	146.396	482
146.420	420	146.446	484
146.472	420	146.497	482
146.522	420	146.547	482
146.573	420	146.599	482
146.623	421	146.649	482
146.674	421	146.700	482
146.724	421	146.750	482
146.776	421	146.801	482
146.826	422	146.851	484
146.877	422	146.903	482
146.927	423	146.953	483
146.978	423	147.004	482
147.029	423	147.054	482
147.080	423	147.105	483
147.130	423	147.156	481
147.181	423	147.207	482
147.231	423	147.257	483
147.283	422	147.308	482
147.333	423	147.358	482
147.384	422	147.410	482
147.434	422	147.460	482
147.485	421	147.511	482
147.535	421	147.561	482
147.587	421	147.612	483
147.637	421	147.662	482
147.688	420	147.714	481
147.738	420	147.764	482
147.789	420	147.815	482
147.840	421	147.865	482
147.891	420	147.916	482
147.942	421	147.967	480
147.992	422	148.018	482
148.043	422	148.068	482
148.094	422	148.119	482
148.145	422	148.169	482
148.195	423	148.221	482
148.246	423	148.271	482
148.296	423	148.322	482
148.348	423	148.372	482
148.398	423	148.423	482
148.449	423	148.473	482
148.499	423	148.525	482
148.550	422	148.575	482
148.600	422	148.626	481
148.652	422	148.676	482
148.702	422	148.727	483
148.753	422	148.778	482
148.803	421	148.829	483
148.854	422	148.879	482
148.905	421	148.930	482
148.956	421	148.980	481
149.006	421	149.032	482
149.057	420	149.082	482
149.107	421	149.133	482
149.159	420	149.183	482
149.209	421	149.234	482
149.260	421	149.284	481
149.310	421	149.336	482
149.361	422	149.386	482
149.411	422	149.437	482
149.463	422	149.487	483
149.513	423	149.538	481
149.564	423	149.589	482
149.614	423	149.640	482
149.665	423	149.690	482
149.716	424	149.741	482
149.767	423	149.791	482
149.817	423	149.843	482
149.868	422	149.893	482
149.918	423	149.944	482
149.970	422	149.994	482
150.020	423	150.045	482
150.071	422	150.095	482
150.121	421	150.147	480
150.172	421	150.197	482
150.222	420	150.248	482
150.274	421	150.298	481
150.324	420	150.349	483
150.375	420	150.400	482
150.425	421	150.451	482
150.476	420	150.501	482
150.527	422	150.552	482
150.578	420	150.602	482
150.628	422	150.654	482
150.679	421	150.704	482
150.729	422	150.755	482
150.781	423	150.805	482
150.831	422	150.856	482
150.882	423	150.906	482
150.932	423	150.958	482
150.983	423	151.009	482
151.033	423	151.059	483
151.085	424	151.110	483
151.135	423	151.160	482
151.186	423	151.212	483
151.236	422	151.262	482
151.287	422	151.313	482
151.338	421	151.363	484
151.389	422	151.414	483
151.439	422	151.465	482
151.490	421	151.516	482
151.540	420	151.566	483
151.592	421	151.617	482
151.642	419	151.667	483
151.693	421	151.719	482
151.743	420	151.769	483
151.794	420	151.820	482
151.844	421	151.870	482
151.896	420	151.921	481
151.946	421	151.971	482
151.997	421	152.023	482
152.047	421	152.073	482
152.098	422	152.124	482
152.149	422	152.174	482
152.200	422	152.225	482
152.250	421	152.276	482
152.301	423	152.327	482
152.351	423	152.377	482
152.403	423	152.428	482
152.453	423	152.478	482
152.504	423	152.530	482
152.554	422	152.580	482
152.605	423	152.631	482
152.655	422	152.681	482
152.707	424	152.732	482
152.757	421	152.782	482
152.808	422	152.834	482
152.858	421	152.884	482
152.909	421	152.935	482
152.960	421	152.985	482
153.011	421	153.036	481
153.061	420	153.087	482
153.112	421	153.138	482
153.162	421	153.188	482
153.214	421	153.239	482
153.264	422	153.289	482
153.315	423	153.341	482
153.365	422	153.391	482
153.416	421	153.442	482
153.466	422	153.492	482
153.518	422	153.543	482
153.568	422	153.593	482
153.619	422	153.645	481
153.669	423	153.695	482
153.720	422	153.746	481
153.771	423	153.796	482
153.822	422	153.847	482
153.872	422	153.898	482
153.923	422	153.949	482
153.973	422	153.999	481
154.025	423	154.050	482
154.075	422	154.100	482
154.126	422	154.152	482
154.176	421	154.202	482
154.227	421	154.253	482
154.278	420	154.303	482
154.329	421	154.354	481
154.379	422	154.404	482
154.430	421	154.456	481
154.480	422	154.506	482
154.531	421	154.557	482
154.582	421	154.607	482
154.633	422	154.658	482
154.683	422	154.709	482
154.734	422	154.760	482
154.784	423	154.810	482
154.836	422	154.861	482
154.886	423	154.911	482
154.937	421	154.963	482
154.987	422	155.013	481
155.038	423	155.064	482
155.089	423	155.114	483
155.140	423	155.165	482
155.190	423	155.215	482
155.241	423	155.267	482
155.291	423	155.317	482
155.342	422	155.368	482
155.393	422	155.418	481
155.444	422	155.469	482
155.495	421	155.520	481
155.545	421	155.571	482
155.596	423	155.621	482
155.647	421	155.672	482
155.698	419	155.722	482
155.748	421	155.774	482
155.799	421	155.824	481
155.849	421	155.875	481
155.901	421	155.925	482
155.951	421	155.976	481
156.002	422	156.026	482
156.052	422	156.078	483
156.103	422	156.128	482
156.153	422	156.179	482
156.205	423	156.229	482
156.255	423	156.280	482
156.306	422	156.331	481
156.356	422	156.382	482
156.407	423	156.432	482
156.458	423	156.483	482
156.509	423	156.533	482
156.559	422	156.585	481
156.610	422	156.635	482
156.660	423	156.686	482
156.712	422	156.736	482
156.762	422	156.787	482
156.813	421	156.838	482
156.863	421	156.889	482
156.914	422	156.939	482
156.964	421	156.990	483
157.016	420	157.040	482
157.066	421	157.091	481
157.117	422	157.142	482
157.167	422	157.193	482
157.218	422	157.243	482
157.269	421	157.294	482
157.320	422	157.344	480
157.370	422	157.396	482
157.421	422	157.446	481
157.471	423	157.497	481
157.523	423	157.547	482
157.573	422	157.598	482
157.624	422	157.649	482
157.674	423	157.700	483
157.725	423	157.750	481
157.775	423	157.801	482
157.827	422	157.851	482
157.877	423	157.902	482
157.928	422	157.953	482
157.978	422	158.004	481
158.029	422	158.054	482
158.080	422	158.105	482
158.131	421	158.155	482
158.181	421	158.207	483
158.232	422	158.257	482
158.282	421	158.308	482
158.334	418	158.358	483
158.384	421	158.409	482
158.435	421	158.460	482
158.485	421	158.511	482
158.536	421	158.562	482
158.586	422	158.612	482
158.638	422	158.663	482
158.688	422	158.713	482
158.739	422	158.765	482
158.789	423	158.815	482
158.840	421	158.866	482
158.891	423	158.916	482
158.942	423	158.967	482
158.992	423	159.018	482
159.043	422	159.069	481
159.093	423	159.119	482
159.145	422	159.170	482
159.195	423	159.220	482
159.246	422	159.272	482
159.296	422	159.322	482
159.347	421	159.373	482
159.398	422	159.423	482
159.449	422	159.474	482
159.499	422	159.524	482
159.550	421	159.576	482
159.600	422	159.626	482
159.651	420	159.677	482
159.702	422	159.727	482
159.753	421	159.778	481
159.803	422	159.829	483
159.854	421	159.880	481
159.904	422	159.930	482
159.956	422	159.981	482
160.006	422	160.031	482
160.057	422	160.083	481
160.107	423	160.133	482
160.158	424	160.184	482
160.209	422	160.234	482
160.260	421	160.285	481
160.310	423	160.335	482
160.361	423	160.387	482
160.411	421	160.437	481
160.462	422	160.488	483
160.513	423	160.538	482
160.564	423	160.589	482
160.614	422	160.640	482
160.665	422	160.691	480
160.715	422	160.741	483
160.767	422	160.792	482
160.817	422	160.842	482
160.868	422	160.894	482
160.918	421	160.944	482
160.969	421	160.995	482
161.020	422	161.045	482
161.071	421	161.096	482
161.121	422	161.146	481
161.172	422	161.198	482
161.222	422	161.248	482
161.273	422	161.299	482
161.324	422	161.349	482
161.375	422	161.400	482
161.425	424	161.451	483
161.476	423	161.502	482
161.526	423	161.552	482
161.578	423	161.603	482
161.628	422	161.653	482
161.679	423	161.705	483
161.729	422	161.755	481
161.780	423	161.806	482
161.831	422	161.856	482
161.882	423	161.907	482
161.932	423	161.958	481
161.983	422	162.009	482
162.033	422	162.059	480
162.084	421	162.110	482
162.135	422	162.160	481
162.186	421	162.211	482
162.237	422	162.262	482
162.287	421	162.313	482
