#Creator: pendulumviewEventBuffer
#Creation time: Tue Mar 12 17:31:44 2024
#Time A	Pos A	Time B	Pos B
#[s]	[au]	[s]	[au]
0.026	501	0.051	298
0.076	501	0.101	350
0.127	501	0.153	406
0.177	500	0.203	463
0.228	499	0.254	519
0.279	499	0.304	571
0.330	500	0.355	618
0.380	500	0.406	653
0.431	500	0.457	681
0.481	500	0.507	695
0.533	500	0.558	696
0.583	500	0.608	683
0.634	501	0.660	662
0.684	500	0.710	629
0.735	501	0.761	587
0.785	500	0.811	537
0.837	500	0.862	483
0.887	499	0.912	427
0.938	500	0.964	371
0.988	500	1.014	320
1.039	500	1.065	274
1.091	499	1.115	238
1.141	500	1.166	211
1.192	500	1.217	197
1.242	500	1.268	197
1.293	500	1.318	209
1.344	500	1.369	231
1.395	499	1.419	266
1.445	500	1.471	309
1.496	499	1.521	360
1.546	500	1.572	413
1.597	500	1.622	468
1.648	498	1.673	522
1.699	500	1.723	573
1.749	501	1.775	616
1.800	500	1.825	651
1.850	500	1.876	677
1.902	500	1.926	688
1.952	500	1.977	688
2.003	500	2.028	675
2.053	501	2.079	654
2.104	501	2.129	621
2.155	501	2.180	579
2.206	500	2.230	531
2.256	501	2.282	478
2.307	501	2.332	423
2.357	500	2.383	370
2.408	500	2.433	320
2.459	500	2.484	276
2.510	500	2.534	241
2.560	500	2.586	216
2.611	500	2.636	204
2.661	500	2.687	205
2.713	499	2.737	217
2.763	499	2.788	240
2.814	499	2.839	274
2.864	499	2.890	317
2.915	499	2.940	365
2.966	499	2.991	418
3.017	499	3.041	472
3.067	499	3.093	525
3.118	499	3.143	573
3.168	499	3.194	615
3.220	500	3.244	649
3.270	501	3.295	672
3.321	501	3.345	683
3.371	500	3.397	681
3.422	500	3.447	670
3.472	501	3.498	647
3.524	502	3.548	613
3.574	501	3.599	571
3.625	500	3.650	524
3.675	501	3.701	473
3.726	501	3.751	418
3.777	501	3.802	366
3.828	501	3.852	318
3.878	501	3.904	276
3.929	500	3.954	243
3.979	500	4.005	220
4.031	500	4.055	210
4.081	500	4.106	212
4.132	499	4.156	224
4.182	499	4.208	248
4.233	500	4.259	283
4.283	499	4.309	325
4.335	498	4.360	373
4.385	499	4.410	423
4.436	499	4.462	478
4.486	499	4.512	528
4.537	499	4.563	576
4.588	499	4.613	615
4.639	499	4.664	646
4.689	500	4.715	668
4.740	500	4.766	677
4.790	501	4.816	674
4.842	498	4.867	662
4.892	500	4.917	639
4.943	501	4.968	605
4.993	502	5.019	564
5.044	501	5.070	517
5.094	501	5.120	466
5.146	500	5.171	414
5.196	501	5.221	363
5.247	502	5.273	318
5.297	499	5.323	279
5.348	499	5.374	246
5.399	500	5.424	225
5.450	499	5.475	216
5.500	498	5.526	219
5.551	497	5.577	232
5.601	499	5.627	256
5.653	499	5.678	291
5.703	499	5.728	332
5.754	499	5.780	380
5.804	499	5.830	430
5.855	499	5.881	481
5.905	500	5.931	532
5.957	500	5.982	576
6.007	500	6.032	614
6.058	500	6.084	644
6.108	501	6.134	665
6.159	500	6.185	672
6.210	499	6.235	668
6.261	501	6.286	656
6.311	501	6.337	631
6.362	502	6.388	598
6.412	502	6.438	557
6.464	502	6.489	511
6.514	502	6.539	461
6.565	502	6.591	410
6.615	501	6.641	362
6.666	501	6.692	317
6.716	500	6.742	278
6.768	500	6.793	249
6.818	498	6.843	229
6.869	498	6.895	222
6.919	499	6.945	225
6.970	498	6.996	238
7.021	498	7.046	265
7.072	497	7.097	299
7.122	499	7.148	340
7.173	498	7.199	387
7.223	499	7.249	437
7.275	499	7.300	485
7.325	498	7.350	534
7.376	500	7.402	577
7.426	500	7.452	614
7.477	500	7.503	643
7.527	500	7.553	661
7.579	501	7.604	667
7.629	501	7.654	662
7.680	502	7.706	648
7.730	502	7.756	624
7.781	502	7.807	590
7.832	502	7.857	550
7.883	502	7.908	505
7.933	502	7.959	456
7.984	501	8.010	406
8.034	501	8.060	359
8.086	500	8.111	316
8.136	500	8.161	280
8.187	499	8.213	253
8.237	500	8.263	234
8.288	499	8.314	228
8.338	498	8.364	233
8.390	498	8.415	246
8.440	498	8.465	273
8.491	498	8.517	306
8.541	498	8.567	348
8.592	499	8.618	392
8.643	499	8.668	442
8.694	498	8.719	490
8.744	500	8.770	536
8.795	500	8.821	578
8.845	501	8.871	613
8.897	501	8.922	640
8.947	501	8.972	657
8.998	501	9.024	662
9.048	502	9.074	656
9.099	502	9.125	643
9.149	502	9.175	615
9.201	503	9.226	582
9.251	502	9.276	544
9.302	504	9.328	498
9.352	502	9.378	451
9.403	501	9.429	403
9.455	501	9.479	358
9.505	501	9.530	316
9.556	499	9.581	281
9.606	498	9.632	255
9.657	498	9.682	237
9.708	498	9.733	234
9.759	497	9.783	236
9.809	497	9.835	255
9.860	497	9.885	281
9.910	497	9.936	313
9.962	498	9.986	354
10.012	498	10.037	401
10.063	499	10.087	448
10.113	499	10.139	495
10.164	500	10.189	539
10.214	500	10.240	580
10.266	501	10.290	613
10.316	501	10.341	639
10.367	502	10.392	651
10.417	502	10.443	656
10.468	502	10.493	651
10.519	502	10.544	636
10.570	502	10.594	610
10.620	503	10.646	577
10.671	502	10.696	538
10.721	502	10.747	493
10.773	501	10.797	447
10.823	500	10.848	400
10.874	500	10.898	355
10.924	500	10.950	315
10.975	499	11.000	281
11.025	499	11.051	257
11.077	497	11.101	243
11.127	498	11.152	240
11.178	498	11.203	245
11.228	498	11.254	261
11.279	498	11.304	288
11.330	498	11.355	322
11.381	498	11.405	362
11.431	498	11.457	407
11.482	499	11.507	453
11.532	499	11.558	498
11.584	499	11.608	543
11.634	502	11.659	580
11.685	501	11.709	611
11.735	502	11.761	637
11.786	502	11.811	649
11.836	503	11.862	652
11.888	502	11.912	645
11.938	503	11.963	630
11.989	502	12.014	604
12.039	502	12.065	571
12.090	502	12.115	532
12.141	502	12.166	487
12.192	501	12.216	442
12.242	500	12.268	396
12.293	500	12.318	354
12.343	499	12.369	316
12.395	499	12.419	283
12.445	498	12.470	260
12.496	498	12.520	247
12.546	498	12.572	245
12.597	498	12.623	251
12.647	498	12.673	270
12.699	498	12.724	295
12.749	498	12.774	329
12.800	499	12.826	369
12.850	499	12.876	413
12.901	499	12.927	458
12.952	501	12.977	502
13.003	500	13.028	544
13.053	501	13.079	581
13.104	501	13.130	611
13.154	503	13.180	634
13.206	502	13.231	645
13.256	503	13.281	647
13.307	502	13.333	640
13.357	503	13.383	623
13.408	503	13.434	598
13.458	502	13.484	564
13.510	501	13.535	524
13.560	501	13.585	482
13.611	501	13.637	437
13.661	500	13.687	393
13.712	499	13.738	352
13.763	499	13.788	315
13.814	499	13.839	285
13.864	498	13.890	263
13.915	498	13.941	252
13.965	498	13.991	251
14.017	497	14.042	258
14.067	498	14.092	277
14.118	498	14.144	303
14.168	498	14.194	337
14.219	499	14.245	375
14.269	500	14.295	419
14.321	499	14.346	462
14.371	501	14.396	506
14.422	500	14.448	546
14.472	501	14.498	581
14.523	502	14.549	611
14.574	502	14.599	630
14.625	503	14.650	639
14.675	502	14.701	642
14.726	502	14.752	634
14.776	502	14.802	616
14.828	501	14.853	590
14.878	501	14.903	557
14.929	501	14.955	519
14.979	501	15.005	476
15.030	500	15.056	433
15.080	499	15.106	390
15.132	499	15.157	349
15.182	499	15.207	315
15.233	498	15.259	286
15.283	498	15.309	267
15.334	498	15.360	257
15.385	498	15.410	257
15.436	498	15.461	265
15.486	496	15.512	283
15.537	498	15.563	310
15.587	499	15.613	344
15.639	499	15.664	382
15.689	499	15.714	424
15.740	500	15.766	467
15.790	501	15.816	509
15.841	501	15.867	547
15.892	502	15.917	582
15.943	503	15.968	610
15.993	502	16.018	628
16.044	502	16.070	636
16.094	503	16.120	636
16.145	502	16.171	628
16.196	503	16.221	609
16.247	501	16.272	583
16.297	500	16.323	550
16.348	501	16.374	513
16.398	501	16.424	471
16.450	500	16.475	429
16.500	499	16.525	387
16.551	499	16.577	349
16.601	498	16.627	314
16.652	499	16.678	289
16.703	499	16.728	270
16.754	498	16.779	262
16.804	498	16.829	262
16.855	498	16.881	271
16.905	498	16.931	291
16.956	498	16.982	317
17.007	498	17.032	351
17.058	499	17.083	388
17.109	500	17.134	429
17.159	500	17.185	470
17.210	501	17.235	513
17.261	501	17.286	549
17.312	501	17.336	581
17.362	502	17.388	607
17.413	504	17.438	624
17.463	502	17.489	632
17.515	503	17.539	631
17.565	502	17.590	624
17.616	501	17.640	602
17.666	501	17.692	577
17.717	502	17.742	544
17.767	502	17.793	506
17.819	500	17.843	466
17.869	500	17.894	425
17.920	499	17.945	385
17.970	499	17.996	348
18.021	499	18.046	315
18.072	499	18.097	290
18.123	498	18.147	274
18.173	498	18.199	267
18.224	498	18.249	268
18.274	498	18.300	278
18.326	498	18.350	296
18.376	499	18.401	325
18.427	499	18.452	357
18.477	499	18.503	396
18.528	500	18.553	435
18.578	500	18.604	476
18.630	501	18.654	514
18.680	502	18.705	550
18.731	502	18.756	582
18.781	502	18.807	605
18.832	502	18.857	621
18.883	502	18.908	627
18.934	503	18.958	626
18.984	501	19.010	616
19.035	502	19.060	596
19.085	501	19.111	570
19.137	501	19.161	538
19.187	500	19.212	500
19.238	500	19.263	461
19.288	500	19.314	421
19.339	499	19.364	382
19.389	499	19.415	347
19.441	498	19.465	316
19.491	498	19.516	292
19.542	498	19.567	276
19.592	497	19.618	272
19.643	498	19.668	273
19.694	499	19.719	284
19.745	498	19.769	304
19.795	499	19.821	331
19.846	500	19.871	364
19.896	500	19.922	400
19.948	501	19.972	440
19.998	501	20.023	480
20.049	500	20.074	518
20.099	502	20.125	552
20.150	500	20.176	581
20.200	502	20.226	603
20.252	499	20.277	617
20.302	502	20.327	623
20.353	501	20.379	621
20.403	501	20.429	609
20.454	501	20.480	590
20.505	501	20.530	563
20.556	500	20.581	531
20.606	500	20.632	495
20.657	500	20.683	456
20.707	499	20.733	417
20.759	498	20.784	380
20.809	500	20.834	346
20.860	499	20.886	317
20.910	499	20.936	295
20.961	497	20.987	281
21.012	499	21.037	277
21.063	499	21.088	278
21.113	499	21.138	292
21.164	499	21.190	312
21.214	500	21.240	339
21.265	501	21.291	370
21.316	500	21.341	407
21.367	500	21.392	445
21.417	501	21.443	484
21.468	501	21.494	520
21.518	501	21.544	553
21.570	503	21.595	581
21.620	502	21.645	602
21.671	501	21.697	613
21.721	501	21.747	619
21.772	502	21.798	616
21.823	501	21.848	603
21.874	501	21.899	585
21.924	501	21.949	557
21.975	500	22.001	525
22.025	500	22.051	490
22.076	500	22.102	452
22.127	500	22.152	414
22.178	498	22.203	378
22.228	499	22.254	346
22.279	499	22.305	318
22.329	499	22.355	297
22.381	498	22.406	285
22.431	499	22.456	281
22.482	498	22.508	285
22.532	499	22.558	296
22.583	500	22.609	318
22.634	499	22.659	344
22.685	500	22.710	377
22.735	500	22.760	411
22.786	501	22.812	449
22.836	500	22.862	487
22.887	501	22.913	523
22.938	501	22.963	553
22.989	501	23.014	580
23.039	500	23.065	600
23.090	501	23.116	608
23.140	500	23.166	614
23.192	501	23.217	610
23.242	501	23.267	597
23.293	500	23.319	577
23.343	501	23.369	550
23.394	500	23.420	519
23.445	500	23.470	484
23.496	500	23.521	448
23.546	499	23.572	410
23.597	499	23.623	377
23.647	499	23.673	345
23.698	500	23.724	320
23.749	499	23.774	300
23.800	498	23.825	289
23.851	499	23.876	286
23.901	499	23.927	291
23.952	499	23.977	304
24.003	500	24.028	324
24.054	500	24.078	352
24.104	500	24.130	383
24.155	500	24.180	418
24.205	501	24.231	454
24.257	501	24.281	490
24.307	501	24.332	524
24.358	501	24.383	554
24.408	500	24.434	579
24.459	501	24.484	596
24.509	501	24.535	606
24.561	501	24.585	609
24.611	501	24.636	604
24.662	501	24.687	591
24.712	500	24.738	570
24.763	501	24.788	544
24.814	498	24.839	513
24.865	500	24.889	479
24.915	499	24.941	443
24.966	500	24.991	409
25.016	499	25.042	374
25.068	499	25.092	345
25.118	500	25.143	320
25.169	499	25.194	303
25.219	500	25.245	294
25.270	500	25.295	290
25.320	500	25.346	297
25.372	500	25.396	311
25.422	500	25.447	331
25.473	500	25.498	358
25.523	499	25.549	389
25.574	499	25.599	424
25.625	498	25.650	458
25.676	500	25.700	493
25.726	501	25.752	526
25.777	500	25.802	554
25.827	501	25.853	577
25.879	500	25.903	595
25.929	500	25.954	603
25.980	501	26.005	605
26.030	501	26.056	599
26.081	501	26.106	584
26.132	500	26.157	564
26.183	501	26.207	539
26.233	500	26.258	508
26.284	500	26.309	473
26.334	500	26.360	439
26.385	500	26.410	404
26.436	499	26.461	373
26.487	500	26.511	345
26.537	500	26.563	322
26.588	500	26.613	306
26.638	500	26.664	298
26.690	500	26.714	296
26.740	500	26.765	303
26.791	500	26.816	317
26.841	500	26.867	338
26.892	499	26.918	365
26.943	500	26.968	394
26.994	499	27.019	428
27.044	500	27.069	462
27.095	500	27.121	496
27.145	500	27.171	526
27.196	501	27.222	554
27.247	501	27.272	575
27.298	500	27.323	591
27.348	501	27.374	598
27.399	501	27.425	600
27.449	500	27.475	593
27.501	500	27.526	579
27.551	501	27.576	559
27.602	501	27.628	532
27.652	501	27.678	502
27.703	500	27.729	469
27.754	500	27.779	435
27.805	500	27.830	402
27.855	500	27.880	372
27.906	498	27.932	344
27.956	500	27.982	324
28.007	498	28.033	309
28.058	500	28.083	301
28.109	499	28.134	301
28.159	500	28.185	309
28.210	499	28.236	323
28.260	499	28.286	344
28.312	499	28.337	371
28.362	500	28.387	401
28.413	500	28.439	433
28.463	500	28.489	465
28.514	501	28.540	499
28.565	500	28.590	529
28.616	501	28.641	555
28.666	500	28.692	575
28.717	500	28.743	588
28.767	500	28.793	595
28.818	501	28.844	595
28.869	501	28.894	587
28.920	501	28.945	573
28.970	501	28.996	553
29.021	501	29.047	527
29.071	500	29.097	497
29.123	500	29.148	464
29.173	500	29.198	430
29.224	500	29.250	400
29.274	501	29.300	371
29.325	499	29.351	345
29.376	500	29.401	326
29.427	500	29.452	312
29.477	500	29.503	306
29.528	500	29.554	306
29.578	499	29.604	314
29.629	499	29.655	329
29.680	500	29.705	351
29.731	499	29.756	376
29.781	499	29.807	406
29.832	500	29.858	437
29.882	499	29.908	470
29.934	500	29.959	501
29.984	500	30.009	530
30.035	500	30.061	554
30.085	500	30.111	573
30.136	500	30.162	585
30.187	500	30.212	592
30.238	501	30.263	590
30.288	501	30.314	582
30.339	501	30.365	567
30.389	501	30.415	546
30.440	501	30.466	521
30.491	500	30.516	492
30.542	501	30.567	460
30.592	501	30.618	428
30.643	499	30.669	398
30.693	500	30.719	369
30.745	501	30.770	346
30.795	500	30.820	328
30.846	500	30.872	317
30.896	499	30.922	310
30.947	499	30.973	311
30.998	500	31.023	320
31.049	499	31.074	336
31.099	499	31.125	356
31.150	499	31.176	382
31.200	499	31.226	411
31.252	500	31.277	442
31.302	499	31.327	474
31.353	500	31.378	504
31.403	500	31.429	531
31.454	500	31.480	553
31.504	500	31.530	571
31.556	501	31.581	582
31.606	501	31.631	588
31.657	501	31.683	584
31.707	500	31.733	577
31.758	501	31.784	561
31.809	500	31.834	542
31.860	501	31.885	515
31.910	503	31.936	487
31.961	501	31.987	456
32.011	501	32.037	426
32.063	499	32.088	396
32.113	500	32.138	369
32.164	498	32.189	347
32.214	500	32.240	330
32.265	500	32.291	319
32.315	499	32.341	314
32.367	499	32.392	317
32.417	499	32.442	326
32.468	500	32.494	342
32.518	499	32.544	364
32.569	499	32.595	388
32.620	500	32.645	417
32.671	498	32.696	446
32.721	501	32.747	477
32.772	500	32.798	505
32.822	499	32.848	532
32.874	500	32.899	553
32.924	500	32.949	568
32.975	501	33.000	577
33.025	500	33.051	583
33.076	501	33.102	580
33.126	501	33.152	571
33.178	501	33.203	555
33.228	502	33.253	535
33.279	500	33.305	510
33.329	501	33.355	482
33.380	501	33.406	453
33.431	500	33.456	423
33.482	500	33.507	395
33.532	501	33.558	370
33.583	499	33.609	349
33.633	500	33.659	332
33.685	499	33.710	322
33.735	499	33.760	320
33.786	501	33.812	323
33.836	499	33.862	332
33.887	500	33.913	348
33.937	499	33.963	369
33.989	499	34.014	394
34.039	499	34.064	421
34.090	500	34.116	450
34.140	500	34.166	479
34.191	500	34.217	507
34.242	499	34.267	532
34.293	500	34.318	552
34.343	500	34.369	567
34.394	501	34.420	576
34.444	501	34.470	579
34.496	501	34.521	574
34.546	501	34.571	566
34.597	501	34.623	549
34.647	501	34.673	529
34.698	501	34.724	505
34.748	501	34.774	477
34.800	500	34.825	449
34.850	499	34.875	420
34.901	500	34.927	393
34.951	500	34.977	369
35.002	500	35.028	349
35.053	499	35.078	335
35.104	500	35.129	326
35.154	499	35.180	323
35.205	499	35.231	326
35.255	498	35.281	338
35.307	499	35.332	353
35.357	499	35.382	375
35.408	499	35.434	399
35.458	500	35.484	426
35.509	500	35.535	454
35.559	500	35.585	482
35.611	500	35.636	509
35.661	500	35.686	532
35.712	501	35.738	550
35.762	500	35.788	564
35.813	501	35.839	572
35.864	501	35.889	574
35.915	501	35.940	570
35.965	501	35.991	560
36.016	501	36.042	544
36.066	501	36.092	524
36.118	500	36.143	499
36.168	501	36.193	473
36.219	501	36.245	445
36.269	500	36.295	418
36.320	500	36.346	392
36.370	499	36.396	369
36.422	500	36.447	352
36.473	499	36.497	338
36.523	499	36.549	330
36.574	499	36.599	328
36.624	499	36.650	333
36.676	498	36.700	343
36.726	499	36.751	360
36.777	497	36.802	380
36.827	499	36.853	404
36.878	499	36.903	431
36.929	500	36.954	457
36.980	500	37.004	485
37.030	500	37.056	510
37.081	500	37.106	531
37.131	501	37.157	547
37.183	501	37.207	562
37.233	501	37.258	569
37.284	501	37.308	570
37.334	500	37.360	565
37.385	501	37.410	554
37.435	501	37.461	539
37.487	501	37.511	518
37.537	500	37.562	493
37.588	501	37.613	468
37.638	500	37.664	443
37.689	500	37.714	415
37.740	500	37.765	391
37.791	499	37.815	370
37.841	500	37.867	353
37.892	499	37.917	341
37.942	499	37.968	334
37.994	500	38.018	333
38.044	499	38.069	338
38.095	499	38.119	350
38.145	499	38.171	366
38.196	498	38.221	386
38.246	499	38.272	409
38.298	501	38.322	435
38.348	500	38.373	461
38.399	500	38.424	486
38.449	500	38.475	510
38.500	501	38.525	532
38.551	501	38.576	547
38.602	501	38.626	559
38.652	501	38.678	565
38.703	502	38.728	565
38.753	501	38.779	560
38.805	501	38.829	549
38.855	501	38.880	533
38.906	501	38.930	513
38.956	500	38.982	490
39.007	501	39.032	465
39.057	500	39.083	438
39.109	500	39.133	413
39.159	499	39.184	390
39.210	499	39.235	371
39.260	499	39.286	354
39.311	499	39.336	343
39.362	499	39.387	338
39.413	499	39.438	337
39.463	498	39.489	343
39.514	497	39.540	355
39.564	499	39.590	372
39.616	499	39.641	391
39.666	499	39.691	414
39.717	500	39.743	439
39.767	499	39.793	465
39.818	500	39.844	489
39.868	500	39.894	512
39.920	501	39.945	531
39.970	501	39.995	547
40.021	501	40.047	556
40.071	501	40.097	561
40.122	501	40.148	561
40.173	501	40.198	555
40.224	501	40.249	543
40.274	501	40.300	528
40.325	501	40.351	508
40.375	501	40.401	485
40.427	500	40.452	461
40.477	500	40.502	437
40.528	500	40.554	413
40.578	501	40.604	389
40.629	499	40.655	371
40.679	498	40.705	356
40.731	499	40.756	346
40.781	499	40.806	341
40.832	498	40.858	341
40.882	499	40.908	349
40.933	500	40.959	360
40.984	499	41.009	377
41.035	499	41.060	397
41.085	500	41.111	418
41.136	500	41.162	443
41.186	500	41.212	467
41.238	501	41.263	490
41.288	500	41.313	512
41.339	501	41.365	530
41.389	500	41.415	543
41.440	501	41.466	554
41.490	500	41.516	558
41.542	501	41.567	556
41.592	501	41.617	550
41.643	501	41.669	539
41.693	502	41.719	523
41.744	500	41.770	503
41.795	500	41.820	481
41.846	500	41.871	457
41.896	499	41.922	433
41.947	499	41.973	410
41.997	500	42.023	390
42.049	499	42.074	372
42.099	500	42.124	359
42.150	498	42.176	350
42.200	499	42.226	346
42.251	500	42.277	348
42.301	499	42.327	355
42.353	499	42.378	366
42.403	499	42.428	381
42.454	500	42.480	402
42.504	500	42.530	423
42.555	500	42.581	447
42.606	501	42.631	470
42.657	501	42.682	492
42.708	501	42.733	512
42.758	501	42.784	529
42.809	501	42.834	542
42.860	501	42.885	552
42.911	501	42.935	554
42.961	500	42.987	552
43.012	501	43.037	545
43.062	501	43.088	533
43.114	501	43.138	517
43.164	499	43.189	499
43.215	500	43.239	477
43.265	500	43.291	454
43.316	500	43.341	431
43.366	499	43.392	410
43.418	499	43.442	390
43.468	499	43.493	373
43.519	499	43.544	361
43.569	499	43.595	353
43.620	499	43.645	350
43.671	499	43.696	352
43.722	499	43.746	359
43.772	500	43.798	371
43.823	500	43.848	387
43.873	500	43.899	406
43.925	500	43.949	427
43.975	500	44.000	450
44.026	500	44.050	472
44.076	502	44.102	493
44.127	500	44.152	512
44.177	501	44.203	527
44.229	499	44.253	540
44.279	501	44.304	547
44.330	501	44.355	550
44.380	501	44.406	547
44.431	501	44.456	540
44.482	500	44.507	528
44.533	500	44.557	513
44.583	500	44.609	493
44.634	500	44.659	473
44.684	499	44.710	451
44.736	498	44.760	429
44.786	499	44.811	408
44.837	499	44.861	390
44.887	499	44.913	375
44.938	499	44.963	363
44.988	499	45.014	356
45.040	499	45.064	354
45.090	499	45.115	357
45.141	499	45.166	365
45.191	499	45.217	376
45.242	500	45.267	393
45.293	500	45.318	410
45.344	499	45.368	431
45.394	501	45.420	453
45.445	500	45.470	474
45.495	500	45.521	495
45.547	501	45.571	512
45.597	501	45.622	525
45.648	501	45.672	538
45.698	500	45.724	544
45.749	501	45.775	546
45.799	501	45.825	542
45.851	501	45.876	535
45.901	500	45.926	523
45.952	500	45.978	508
46.002	499	46.028	489
46.053	501	46.079	468
46.104	499	46.129	448
46.155	500	46.180	428
46.205	500	46.231	407
46.256	500	46.282	390
46.306	499	46.332	376
46.358	499	46.383	366
46.408	500	46.433	359
46.459	500	46.485	359
46.509	500	46.535	362
46.560	499	46.586	369
46.610	500	46.636	382
46.662	501	46.687	397
46.712	500	46.737	415
46.763	500	46.789	435
46.813	500	46.839	455
46.864	501	46.890	476
46.915	501	46.940	494
46.966	501	46.991	512
47.016	500	47.042	525
47.067	501	47.093	535
47.117	501	47.143	541
47.169	501	47.194	541
47.219	500	47.244	538
47.270	501	47.296	530
47.320	498	47.346	518
47.371	500	47.397	503
47.421	501	47.447	485
47.473	500	47.498	465
47.523	500	47.548	445
47.574	500	47.600	424
47.624	500	47.650	407
47.675	499	47.701	391
47.726	500	47.751	378
47.777	500	47.802	369
47.827	499	47.853	364
47.878	500	47.904	363
47.928	500	47.954	367
47.980	499	48.005	375
48.030	501	48.055	387
48.081	499	48.107	402
48.131	499	48.157	419
48.182	500	48.208	439
48.232	500	48.258	459
48.284	501	48.309	479
48.334	500	48.359	495
48.385	500	48.411	511
48.435	501	48.461	523
48.486	500	48.512	533
48.537	499	48.562	537
48.588	500	48.613	537
48.638	501	48.664	533
48.689	501	48.715	524
48.739	500	48.765	513
48.791	500	48.816	498
48.841	500	48.866	481
48.892	500	48.918	462
48.942	500	48.968	443
48.993	500	49.019	424
49.044	499	49.069	407
49.095	500	49.120	393
49.145	499	49.170	379
49.196	500	49.222	371
49.246	501	49.272	367
49.297	500	49.323	367
49.348	500	49.373	372
49.399	499	49.424	379
49.449	500	49.475	391
49.500	499	49.526	406
49.550	499	49.576	423
49.602	500	49.627	441
49.652	500	49.677	460
49.703	500	49.729	478
49.753	500	49.779	494
49.804	501	49.830	510
49.855	500	49.880	522
49.906	501	49.931	529
49.956	500	49.981	533
50.007	501	50.033	533
50.057	501	50.083	529
50.108	500	50.134	520
50.159	501	50.184	509
50.210	500	50.235	493
50.261	500	50.286	478
50.311	500	50.337	459
50.362	500	50.387	440
50.413	500	50.438	423
50.464	500	50.488	407
50.514	499	50.540	393
50.565	500	50.590	382
50.615	499	50.641	375
50.667	500	50.691	371
50.717	500	50.742	372
50.768	500	50.792	377
50.818	500	50.844	385
50.869	500	50.894	398
50.919	500	50.945	411
50.971	500	50.995	428
51.021	500	51.046	445
51.072	500	51.097	462
51.122	501	51.148	480
51.173	500	51.198	496
51.224	501	51.249	509
51.275	500	51.299	520
51.325	501	51.351	526
51.376	501	51.401	530
51.426	500	51.452	529
51.478	501	51.502	524
51.528	500	51.553	515
51.579	500	51.604	504
51.629	500	51.655	490
51.680	500	51.705	473
51.730	500	51.756	456
51.782	500	51.806	439
51.832	499	51.857	423
51.883	500	51.908	406
51.933	500	51.959	394
51.984	500	52.009	384
52.035	498	52.060	377
52.086	500	52.110	376
52.136	500	52.162	376
52.187	500	52.212	381
52.237	500	52.263	389
52.289	500	52.313	400
52.339	500	52.364	415
52.390	500	52.415	431
52.440	500	52.466	448
52.491	500	52.516	465
52.541	499	52.567	481
52.593	500	52.617	496
52.643	500	52.668	508
52.694	500	52.719	517
52.744	500	52.770	523
52.795	501	52.820	525
52.846	501	52.871	525
52.897	500	52.921	518
52.947	500	52.973	512
52.998	500	53.023	499
53.048	500	53.074	486
53.100	501	53.124	470
53.150	500	53.175	453
53.201	500	53.226	437
53.251	500	53.277	422
53.302	499	53.328	407
53.352	500	53.378	396
53.404	500	53.429	386
53.454	500	53.479	381
53.505	500	53.531	378
53.555	500	53.581	381
53.606	500	53.632	385
53.657	500	53.682	394
53.708	500	53.733	405
53.758	500	53.784	419
53.809	500	53.835	436
53.859	500	53.885	450
53.911	500	53.936	467
53.961	500	53.986	481
54.012	499	54.038	495
54.062	500	54.088	508
54.113	500	54.139	515
54.164	500	54.189	520
54.215	501	54.240	522
54.265	500	54.290	520
54.316	500	54.342	514
54.366	500	54.392	505
54.417	500	54.443	495
54.468	500	54.493	482
54.519	500	54.544	466
54.569	500	54.595	450
54.620	500	54.646	435
54.670	500	54.696	419
54.722	499	54.747	407
54.772	500	54.797	397
54.823	500	54.849	389
54.873	500	54.899	383
54.924	500	54.950	383
54.975	500	55.000	385
55.026	500	55.051	390
55.076	499	55.101	399
55.127	499	55.153	410
55.177	500	55.203	423
55.228	500	55.254	438
55.279	500	55.304	453
55.330	500	55.355	468
55.380	500	55.406	481
55.431	501	55.457	494
55.481	500	55.507	504
55.533	500	55.558	512
55.583	501	55.608	516
55.634	501	55.660	518
55.684	500	55.710	516
55.735	500	55.761	510
55.786	500	55.811	501
55.837	501	55.862	491
55.887	501	55.912	478
55.938	500	55.964	463
55.988	499	56.014	449
56.039	500	56.065	433
56.090	500	56.115	420
56.141	500	56.166	408
56.191	500	56.217	399
56.242	499	56.268	392
56.292	499	56.318	388
56.344	499	56.369	388
56.394	500	56.419	389
56.445	500	56.471	395
56.495	500	56.521	403
56.546	500	56.572	414
56.597	500	56.622	427
56.648	500	56.673	441
56.698	500	56.724	455
56.749	500	56.775	469
56.799	499	56.825	482
56.850	500	56.876	493
56.901	500	56.926	503
56.952	501	56.977	510
57.003	500	57.028	513
57.053	501	57.079	514
57.104	500	57.129	511
57.155	500	57.180	506
57.206	500	57.230	497
57.256	500	57.282	486
57.307	500	57.332	474
57.357	500	57.383	460
57.409	500	57.433	447
57.459	498	57.484	433
57.510	500	57.535	420
57.560	500	57.586	411
57.611	500	57.636	401
57.661	499	57.687	394
57.713	500	57.737	391
57.763	499	57.788	391
57.814	500	57.839	393
57.864	500	57.890	399
57.915	500	57.940	408
57.966	499	57.991	418
58.017	500	58.041	428
58.067	500	58.093	443
58.118	500	58.143	457
58.168	500	58.194	470
58.220	499	58.244	482
58.270	500	58.295	492
58.321	500	58.346	501
58.371	500	58.397	507
58.422	500	58.447	511
58.472	501	58.498	510
58.524	500	58.548	506
58.574	501	58.599	500
58.625	500	58.650	493
58.675	500	58.701	483
58.726	501	58.751	470
58.777	500	58.802	458
58.828	501	58.852	445
58.878	499	58.904	432
58.929	500	58.954	421
58.979	500	59.005	410
59.031	501	59.055	403
59.081	499	59.106	397
59.132	500	59.157	395
59.182	499	59.208	395
59.233	500	59.258	399
59.284	499	59.309	404
59.335	500	59.359	412
59.385	499	59.410	422
59.436	500	59.461	433
59.486	499	59.512	446
59.537	499	59.562	459
59.588	501	59.613	471
59.639	501	59.663	482
59.689	500	59.715	492
59.740	501	59.765	499
59.790	501	59.816	504
59.842	500	59.866	506
59.892	500	59.917	506
59.943	500	59.968	502
59.993	501	60.019	496
60.044	499	60.070	489
60.095	500	60.120	479
60.146	501	60.171	468
60.196	500	60.221	456
60.247	499	60.273	443
60.297	500	60.323	432
60.348	500	60.374	421
60.399	500	60.424	412
60.450	500	60.475	405
60.500	499	60.526	401
60.551	500	60.577	397
60.601	499	60.627	399
60.653	499	60.678	402
60.703	500	60.728	409
60.754	500	60.780	416
60.804	500	60.830	426
60.855	500	60.881	437
60.906	500	60.931	448
60.957	500	60.982	460
61.007	500	61.032	471
61.058	500	61.084	482
61.108	500	61.134	490
61.159	501	61.185	497
61.210	500	61.235	499
61.261	500	61.286	502
61.311	500	61.337	502
61.362	500	61.388	498
61.412	500	61.438	493
61.464	501	61.489	485
61.514	500	61.539	475
61.565	500	61.591	465
61.615	499	61.641	453
61.666	500	61.692	441
61.717	499	61.742	432
61.768	499	61.793	421
61.818	500	61.844	415
61.869	500	61.895	407
61.919	500	61.945	404
61.970	500	61.996	402
62.021	501	62.046	404
62.072	499	62.097	406
62.122	499	62.148	412
62.173	500	62.199	420
62.223	501	62.249	429
62.275	500	62.300	439
62.325	500	62.350	450
62.376	500	62.402	460
62.426	500	62.452	472
62.477	500	62.503	481
62.528	501	62.553	488
62.579	500	62.604	494
62.629	501	62.655	498
62.680	501	62.706	499
62.730	500	62.756	497
62.781	501	62.807	494
62.832	500	62.857	488
62.883	500	62.908	480
62.933	498	62.959	472
62.984	499	63.010	462
63.034	500	63.060	452
63.086	500	63.111	442
63.136	500	63.161	432
63.187	499	63.213	423
63.237	500	63.263	416
63.288	500	63.314	411
63.339	500	63.364	406
63.390	499	63.415	406
63.440	499	63.466	407
63.491	500	63.517	411
63.541	500	63.567	417
63.592	499	63.618	424
63.643	499	63.668	433
63.694	500	63.719	442
63.744	500	63.770	452
63.795	500	63.821	460
63.845	500	63.871	471
63.897	500	63.922	480
63.947	500	63.972	486
63.998	501	64.024	491
64.048	501	64.074	494
64.099	501	64.125	495
64.150	501	64.175	492
64.201	500	64.226	490
64.251	501	64.277	484
64.302	500	64.328	477
64.352	498	64.378	468
64.404	500	64.429	460
64.454	500	64.479	450
64.505	500	64.530	440
64.555	500	64.581	431
64.606	499	64.632	422
64.656	500	64.682	418
64.708	499	64.733	413
64.758	500	64.783	410
64.809	499	64.835	410
64.859	500	64.885	412
64.910	499	64.936	416
64.961	500	64.986	421
65.012	500	65.037	428
65.062	500	65.088	436
65.113	500	65.139	444
65.163	500	65.189	454
65.215	501	65.240	463
65.265	500	65.290	472
65.316	500	65.341	478
65.366	500	65.392	483
65.417	501	65.443	488
65.467	500	65.493	490
65.519	501	65.544	491
65.569	501	65.594	489
65.620	500	65.646	485
65.670	500	65.696	479
65.721	500	65.747	474
65.772	500	65.797	465
65.823	500	65.848	457
65.873	500	65.899	449
65.924	500	65.950	440
65.974	500	66.000	433
66.026	500	66.051	424
66.076	499	66.101	420
66.127	499	66.152	416
66.177	500	66.203	414
66.228	499	66.254	414
66.278	500	66.304	416
66.330	501	66.355	419
66.380	500	66.405	425
66.431	499	66.457	432
66.481	500	66.507	438
66.532	498	66.558	448
66.583	500	66.608	457
66.634	501	66.659	463
66.684	500	66.710	470
66.735	500	66.761	477
66.785	500	66.811	482
66.837	500	66.862	485
66.887	501	66.912	486
66.938	501	66.964	487
66.988	499	67.014	485
67.039	500	67.065	481
67.089	500	67.115	477
67.141	500	67.166	470
67.191	500	67.216	463
67.242	500	67.268	455
67.292	501	67.318	447
67.343	500	67.369	439
67.394	499	67.419	433
67.445	500	67.470	427
67.495	500	67.521	422
67.546	499	67.572	419
67.596	500	67.622	417
67.648	499	67.673	418
67.698	500	67.723	421
67.749	500	67.775	423
67.799	500	67.825	428
67.850	501	67.876	435
67.900	500	67.926	442
67.952	500	67.977	448
68.002	500	68.027	456
68.053	500	68.079	463
68.103	500	68.129	470
68.154	501	68.180	475
68.205	500	68.230	480
68.256	502	68.281	482
68.306	500	68.332	484
68.357	500	68.383	484
68.407	500	68.433	481
68.459	500	68.484	477
68.509	499	68.534	473
68.560	500	68.586	466
68.610	500	68.636	460
68.661	500	68.687	454
68.711	500	68.737	446
68.763	499	68.788	439
68.813	499	68.838	434
68.864	500	68.890	429
68.914	499	68.940	425
68.965	500	68.991	422
69.017	500	69.041	421
69.067	500	69.092	422
69.118	500	69.143	424
69.168	500	69.194	428
69.219	500	69.244	432
69.270	499	69.295	437
69.321	501	69.345	444
69.371	501	69.397	450
69.422	498	69.447	455
69.472	500	69.498	463
69.524	500	69.548	467
69.574	499	69.599	473
69.625	500	69.649	477
69.675	500	69.701	479
69.726	500	69.751	479
69.776	500	69.802	479
69.828	500	69.852	477
69.878	500	69.903	474
69.929	500	69.954	470
69.979	499	70.005	463
70.030	500	70.055	458
70.081	499	70.106	452
70.132	500	70.156	446
70.182	501	70.208	439
70.233	500	70.258	435
70.283	500	70.309	431
70.335	500	70.359	427
70.385	500	70.410	425
70.436	500	70.460	426
70.486	500	70.512	426
70.537	500	70.562	428
70.587	502	70.613	432
70.639	500	70.663	435
70.689	500	70.714	441
70.740	500	70.765	446
70.790	500	70.816	452
70.841	500	70.866	456
70.892	500	70.917	463
70.943	501	70.967	468
70.993	500	71.019	471
71.044	500	71.069	476
71.094	499	71.120	476
71.146	501	71.170	476
71.196	500	71.221	475
71.247	500	71.271	473
71.297	500	71.323	470
71.348	500	71.373	466
71.398	500	71.424	461
71.450	500	71.474	456
71.500	500	71.525	451
71.551	500	71.576	444
71.601	500	71.627	441
71.652	500	71.677	436
71.703	500	71.728	432
71.754	500	71.778	429
71.804	499	71.830	429
71.855	500	71.880	429
71.905	500	71.931	429
71.957	500	71.981	432
72.007	500	72.032	435
72.058	500	72.082	439
72.108	500	72.134	443
72.159	500	72.185	448
72.209	500	72.235	453
72.261	500	72.286	458
72.311	500	72.336	462
72.362	500	72.388	466
72.412	500	72.438	469
72.463	500	72.489	471
72.514	500	72.539	472
72.565	500	72.590	472
72.615	500	72.641	471
72.666	500	72.692	469
72.716	498	72.742	466
72.768	500	72.793	462
72.818	501	72.843	459
72.869	500	72.895	454
72.919	500	72.945	449
72.970	500	72.996	443
73.020	500	73.046	441
73.072	500	73.097	436
73.122	500	73.147	435
73.173	500	73.199	434
73.223	500	73.249	433
73.274	500	73.300	432
73.325	500	73.350	434
73.376	500	73.401	436
73.426	499	73.452	438
73.477	500	73.503	442
73.527	500	73.553	447
73.579	501	73.604	450
73.629	500	73.654	454
73.680	500	73.706	459
73.730	500	73.756	461
73.781	500	73.807	464
73.831	501	73.857	467
73.883	500	73.908	468
73.933	501	73.958	469
73.984	500	74.010	468
74.034	500	74.060	468
74.085	500	74.111	465
74.136	500	74.161	463
74.187	500	74.212	459
74.237	499	74.263	456
74.288	499	74.314	452
74.338	500	74.364	449
74.390	500	74.415	444
74.440	500	74.465	442
74.491	500	74.517	440
74.541	500	74.567	438
74.592	500	74.618	435
74.642	500	74.668	436
74.694	497	74.719	436
74.744	500	74.769	438
74.795	500	74.821	439
74.845	500	74.871	441
74.896	500	74.922	446
74.947	500	74.972	448
74.998	500	75.023	451
75.048	500	75.074	455
75.099	500	75.125	457
75.149	500	75.175	460
75.201	498	75.226	462
75.251	500	75.276	463
75.302	500	75.328	465
75.352	500	75.378	465
75.403	500	75.429	464
75.453	500	75.479	462
75.505	500	75.530	462
75.555	500	75.580	458
75.606	500	75.632	457
75.656	501	75.682	454
75.707	501	75.733	451
75.758	499	75.783	448
75.809	500	75.834	446
75.860	500	75.885	444
75.910	500	75.936	442
75.961	500	75.986	440
76.012	500	76.037	440
76.063	500	76.087	439
76.113	500	76.139	441
76.164	499	76.189	442
76.214	500	76.240	443
76.266	500	76.290	445
76.316	500	76.341	449
76.367	500	76.391	452
76.417	501	76.443	453
76.468	500	76.493	454
76.518	500	76.544	457
76.570	500	76.594	459
76.620	500	76.645	460
76.671	499	76.696	461
76.721	500	76.747	461
76.772	501	76.797	462
76.823	500	76.848	461
76.874	500	76.898	460
76.924	500	76.950	458
76.975	500	77.000	457
77.025	499	77.051	454
77.077	500	77.101	452
77.127	500	77.152	450
77.178	501	77.202	448
77.228	499	77.254	447
77.279	500	77.304	445
77.329	499	77.355	444
77.381	500	77.405	444
77.431	499	77.456	442
77.482	500	77.507	443
77.532	500	77.558	444
77.583	500	77.608	445
77.634	500	77.659	447
77.685	499	77.709	448
77.735	500	77.761	450
77.786	499	77.811	451
77.836	500	77.862	453
77.888	500	77.912	454
77.938	500	77.963	456
77.989	499	78.013	457
78.039	500	78.065	457
78.090	500	78.115	460
78.140	500	78.166	458
78.192	500	78.216	458
78.242	500	78.267	457
78.293	500	78.318	455
78.343	500	78.369	454
78.394	501	78.419	454
78.445	500	78.470	452
78.496	500	78.520	451
78.546	500	78.572	450
78.597	500	78.622	448
78.647	501	78.673	448
78.699	500	78.723	447
78.749	500	78.774	447
78.800	499	78.824	447
78.850	500	78.876	447
78.901	500	78.927	447
78.951	499	78.977	447
79.003	500	79.028	449
79.053	501	79.078	449
79.104	500	79.130	450
79.154	500	79.180	451
79.205	500	79.231	452
79.256	500	79.281	454
79.307	500	79.332	454
79.357	500	79.383	455
79.408	499	79.434	455
79.458	500	79.484	456
79.510	500	79.535	457
79.560	501	79.585	455
79.611	500	79.637	455
79.661	500	79.687	453
79.712	500	79.738	453
79.762	500	79.788	453
79.814	500	79.839	452
79.864	500	79.889	451
79.915	500	79.941	450
79.965	499	79.991	450
80.016	500	80.042	449
80.067	501	80.092	449
80.118	500	80.143	449
80.168	500	80.194	449
80.219	501	80.245	450
80.269	500	80.295	450
80.321	500	80.346	450
80.371	500	80.396	450
80.422	499	80.448	451
80.472	500	80.498	452
80.523	500	80.549	452
80.573	500	80.599	452
80.625	500	80.650	453
80.675	500	80.700	452
80.726	500	80.752	453
80.776	500	80.802	454
80.827	500	80.853	453
80.878	500	80.903	453
80.929	500	80.954	453
80.979	498	81.005	452
81.030	500	81.056	452
81.080	500	81.106	451
81.132	500	81.157	451
81.182	500	81.207	453
81.233	500	81.259	451
81.283	500	81.309	451
81.334	500	81.360	450
81.384	500	81.410	451
81.436	500	81.461	451
81.486	500	81.511	451
81.537	500	81.563	452
81.587	500	81.613	452
81.638	500	81.664	451
81.689	500	81.714	451
81.740	500	81.765	452
81.790	500	81.816	452
81.841	501	81.867	452
81.891	500	81.917	452
81.943	500	81.968	451
81.993	500	82.018	451
82.044	500	82.070	452
82.094	500	82.120	452
82.145	500	82.171	451
82.196	500	82.221	451
82.247	500	82.272	451
82.297	500	82.322	451
82.348	500	82.374	451
82.398	500	82.424	452
82.449	500	82.475	451
82.500	500	82.525	452
82.551	500	82.576	451
82.601	500	82.627	450
82.652	500	82.678	451
82.702	500	82.728	452
82.754	500	82.779	452
82.804	499	82.829	452
82.855	500	82.881	451
82.905	500	82.931	451
82.956	500	82.982	452
83.007	500	83.032	451
83.058	500	83.083	452
83.108	500	83.133	452
83.159	500	83.185	452
83.209	500	83.235	450
83.260	500	83.286	452
83.311	500	83.336	451
83.362	500	83.387	451
83.413	500	83.438	452
83.463	501	83.489	451
83.514	500	83.539	451
83.565	500	83.590	452
83.616	500	83.640	451
83.666	500	83.692	452
83.717	500	83.742	452
83.767	500	83.793	451
83.819	500	83.843	452
83.869	500	83.894	452
83.920	500	83.944	452
83.970	500	83.996	451
84.021	500	84.046	452
84.071	500	84.097	451
84.123	500	84.147	451
84.173	500	84.198	452
84.224	499	84.249	452
84.274	500	84.300	451
84.325	500	84.350	452
84.376	499	84.401	452
84.427	500	84.451	452
84.477	500	84.503	451
84.528	499	84.553	451
84.578	501	84.604	452
84.630	500	84.654	452
84.680	500	84.705	452
84.731	500	84.756	451
84.781	500	84.807	452
84.832	500	84.857	452
84.882	500	84.908	451
84.934	500	84.958	452
84.984	500	85.009	452
85.035	500	85.060	452
85.085	500	85.111	452
85.136	499	85.161	451
85.187	500	85.212	452
85.238	500	85.262	451
85.288	500	85.314	452
85.339	500	85.364	452
85.389	500	85.415	451
85.441	500	85.465	451
85.491	500	85.516	451
85.542	500	85.567	451
85.592	500	85.618	452
85.643	500	85.668	451
85.693	499	85.719	452
85.745	500	85.769	451
85.795	500	85.820	451
85.846	500	85.871	450
85.896	501	85.922	451
85.947	500	85.972	452
85.998	500	86.023	452
86.049	500	86.073	451
86.099	500	86.125	451
86.150	500	86.175	452
86.200	501	86.226	451
86.252	500	86.276	451
86.302	500	86.327	451
86.353	500	86.378	452
86.403	500	86.429	452
86.454	500	86.480	451
86.504	500	86.530	452
86.556	500	86.581	452
86.606	500	86.631	452
86.657	500	86.683	453
86.707	500	86.733	451
86.758	500	86.784	452
86.809	500	86.834	452
86.860	500	86.885	451
86.910	500	86.936	452
86.961	500	86.987	452
87.011	499	87.037	452
87.063	500	87.088	451
87.113	500	87.138	451
87.164	500	87.190	452
87.214	499	87.240	452
87.265	500	87.291	450
87.316	500	87.341	451
87.367	500	87.392	450
87.417	500	87.442	452
87.468	500	87.494	453
87.518	500	87.544	452
87.569	500	87.595	452
87.620	500	87.645	451
87.671	500	87.696	452
87.721	500	87.747	452
87.772	500	87.798	451
87.822	500	87.848	452
87.874	500	87.899	452
87.924	500	87.949	451
87.975	500	88.001	452
88.025	500	88.051	452
88.076	500	88.102	452
88.127	499	88.152	449
88.178	500	88.203	452
88.228	499	88.253	452
88.279	500	88.305	452
88.329	500	88.355	452
88.380	501	88.406	451
88.431	499	88.456	452
88.482	500	88.507	451
88.532	500	88.558	451
88.583	500	88.609	452
88.633	501	88.659	450
88.685	500	88.710	452
88.735	500	88.760	451
88.786	501	88.812	452
88.836	500	88.862	452
88.887	500	88.913	451
88.938	500	88.963	451
88.989	499	89.014	451
89.039	500	89.064	451
89.090	499	89.116	452
89.140	500	89.166	451
89.191	500	89.217	452
89.242	500	89.267	452
89.293	500	89.318	451
89.343	500	89.369	452
89.394	502	89.420	452
89.444	500	89.470	451
89.496	501	89.521	451
89.546	500	89.571	452
89.597	500	89.623	451
89.647	499	89.673	451
89.698	500	89.724	451
89.749	500	89.774	451
89.800	500	89.825	451
89.850	500	89.876	452
89.901	501	89.927	450
89.951	500	89.977	451
90.002	499	90.028	452
90.053	500	90.078	451
90.104	500	90.129	452
90.155	501	90.180	451
90.205	500	90.231	452
90.256	498	90.281	450
90.307	500	90.332	451
90.358	500	90.382	451
90.408	500	90.434	452
90.459	500	90.484	452
90.509	500	90.535	451
90.561	500	90.585	451
90.611	500	90.636	451
90.662	500	90.687	451
90.712	500	90.738	452
90.763	499	90.788	452
90.813	500	90.839	451
90.865	500	90.889	452
90.915	500	90.940	451
90.966	500	90.991	452
91.016	500	91.042	452
91.067	499	91.092	452
91.118	500	91.143	450
91.169	500	91.193	451
91.219	500	91.245	452
91.270	500	91.295	452
91.320	500	91.346	451
91.372	500	91.396	451
91.422	499	91.447	451
91.473	500	91.498	451
91.523	500	91.549	452
91.574	500	91.599	452
91.624	501	91.650	452
91.676	500	91.700	452
91.726	500	91.751	452
91.777	500	91.802	453
91.827	501	91.853	452
91.878	500	91.903	453
91.929	500	91.954	451
91.980	500	92.004	451
92.030	499	92.056	451
92.081	500	92.106	451
92.131	500	92.157	452
92.183	500	92.207	452
92.233	500	92.258	451
92.284	499	92.309	453
92.334	500	92.360	451
92.385	500	92.410	452
92.436	500	92.461	451
92.487	500	92.511	453
92.537	499	92.562	451
92.588	500	92.613	451
92.638	500	92.664	451
92.689	500	92.714	451
92.740	500	92.765	452
