#Creator: pendulumviewEventBuffer
#Creation time: Tue Mar 12 17:31:44 2024
#Time A	Pos A	Time B	Pos B
#[s]	[au]	[s]	[au]
0.025	500	0.050	146
0.076	503	0.101	144
0.127	500	0.151	142
0.177	501	0.202	144
0.228	501	0.253	143
0.278	501	0.304	144
0.329	500	0.354	142
0.380	501	0.405	147
0.431	500	0.455	143
0.481	500	0.507	143
0.532	501	0.557	144
0.582	501	0.608	145
0.634	500	0.658	145
0.684	500	0.709	143
0.735	503	0.760	144
0.785	500	0.811	150
0.836	500	0.861	170
0.887	500	0.912	207
0.938	500	0.962	254
0.988	500	1.014	310
1.039	501	1.064	370
1.089	500	1.115	432
1.140	500	1.165	496
1.191	500	1.216	553
1.242	501	1.266	607
1.292	500	1.318	650
1.343	501	1.368	684
1.393	501	1.419	706
1.445	500	1.469	712
1.495	500	1.520	704
1.546	501	1.571	686
1.596	501	1.622	654
1.647	501	1.672	614
1.698	501	1.723	563
1.749	501	1.773	506
1.799	502	1.825	446
1.850	502	1.875	385
1.900	502	1.926	326
1.951	501	1.976	273
2.002	500	2.027	230
2.053	500	2.077	196
2.103	500	2.129	174
2.154	500	2.179	167
2.204	500	2.230	175
2.256	500	2.280	195
2.306	499	2.331	226
2.357	500	2.382	270
2.407	501	2.433	320
2.458	500	2.483	379
2.509	499	2.534	439
2.560	499	2.584	499
2.610	500	2.636	555
2.661	500	2.686	606
2.711	501	2.737	648
2.762	501	2.787	680
2.813	501	2.838	700
2.864	500	2.889	704
2.914	501	2.940	698
2.965	500	2.991	678
3.015	501	3.041	647
3.067	501	3.092	604
3.117	502	3.142	556
3.168	501	3.194	500
3.218	502	3.244	442
3.269	501	3.295	382
3.320	501	3.345	326
3.371	501	3.396	275
3.421	500	3.447	232
3.472	501	3.498	199
3.522	501	3.548	179
3.574	500	3.599	176
3.624	500	3.649	184
3.675	500	3.700	203
3.725	500	3.751	236
3.776	498	3.802	278
3.826	499	3.852	329
3.878	499	3.903	385
3.928	499	3.953	443
3.979	499	4.005	502
4.029	500	4.055	557
4.080	500	4.106	606
4.131	500	4.156	647
4.182	500	4.207	677
4.232	501	4.258	695
4.283	501	4.309	699
4.333	501	4.359	690
4.385	503	4.410	671
4.435	504	4.460	639
4.486	502	4.511	598
4.536	502	4.562	549
4.587	502	4.613	494
4.637	500	4.663	436
4.689	503	4.714	378
4.739	499	4.764	324
4.790	502	4.816	275
4.840	501	4.866	233
4.891	501	4.917	204
4.942	501	4.967	186
4.993	500	5.018	182
5.043	500	5.069	192
5.094	500	5.120	212
5.144	499	5.170	245
5.196	499	5.221	287
5.246	499	5.271	337
5.297	499	5.322	392
5.347	499	5.373	450
5.398	499	5.424	507
5.448	499	5.474	559
5.500	500	5.525	606
5.550	500	5.575	644
5.601	501	5.627	674
5.651	501	5.677	689
5.702	501	5.728	693
5.753	502	5.778	682
5.804	502	5.829	663
5.854	502	5.880	631
5.905	502	5.931	590
5.955	503	5.981	543
6.007	502	6.032	488
6.057	502	6.082	432
6.108	502	6.134	375
6.158	502	6.184	323
6.209	501	6.235	276
6.259	499	6.285	235
6.311	500	6.336	209
6.361	498	6.386	192
6.412	499	6.438	191
6.462	499	6.488	200
6.513	498	6.539	221
6.564	499	6.589	254
6.615	498	6.640	296
6.665	498	6.691	345
6.716	497	6.742	399
6.766	499	6.792	455
6.818	499	6.843	509
6.868	499	6.893	561
6.919	500	6.945	606
6.969	501	6.995	643
7.020	501	7.046	671
7.070	502	7.096	685
7.122	503	7.147	686
7.172	503	7.197	676
7.223	502	7.249	656
7.273	503	7.299	624
7.324	503	7.350	583
7.375	503	7.400	535
7.426	504	7.451	482
7.476	502	7.502	427
7.527	502	7.553	373
7.577	502	7.603	321
7.629	501	7.654	276
7.679	501	7.704	240
7.730	500	7.756	212
7.780	499	7.806	198
7.831	499	7.857	198
7.881	499	7.907	207
7.933	498	7.958	230
7.983	498	8.008	262
8.034	497	8.060	304
8.084	498	8.110	351
8.135	497	8.161	405
8.186	498	8.211	461
8.237	499	8.262	513
8.287	500	8.313	563
8.338	500	8.364	606
8.388	501	8.414	642
8.440	501	8.465	667
8.490	503	8.515	680
8.541	503	8.567	680
8.591	502	8.617	669
8.642	502	8.668	648
8.692	503	8.718	616
8.744	503	8.769	576
8.795	504	8.819	528
8.845	503	8.871	475
8.896	502	8.921	422
8.946	501	8.972	370
8.998	501	9.022	322
9.048	500	9.073	276
9.099	500	9.124	242
9.149	499	9.175	217
9.200	499	9.225	203
9.251	498	9.276	205
9.302	498	9.326	215
9.352	499	9.378	237
9.403	498	9.428	271
9.453	497	9.479	313
9.505	498	9.529	360
9.555	499	9.580	412
9.606	499	9.630	465
9.656	499	9.682	516
9.707	500	9.732	562
9.757	501	9.783	606
9.809	502	9.833	640
9.859	503	9.884	663
9.910	503	9.935	674
9.960	503	9.986	673
10.011	503	10.036	664
10.062	503	10.087	641
10.113	503	10.137	608
10.163	503	10.189	568
10.214	502	10.239	522
10.264	503	10.290	470
10.316	503	10.340	417
10.366	501	10.391	367
10.417	501	10.441	320
10.467	500	10.493	278
10.518	499	10.543	244
10.568	499	10.594	221
10.620	499	10.644	210
10.670	498	10.695	212
10.721	496	10.746	222
10.771	497	10.797	245
10.822	498	10.847	279
10.873	498	10.898	320
10.924	498	10.948	367
10.974	498	11.000	417
11.025	499	11.050	468
11.075	499	11.101	520
11.127	500	11.151	566
11.177	501	11.202	606
11.228	501	11.252	637
11.278	503	11.304	659
11.329	504	11.354	669
11.379	503	11.405	667
11.431	504	11.455	656
11.481	503	11.506	634
11.532	504	11.557	601
11.582	504	11.608	561
11.633	503	11.658	515
11.684	502	11.709	465
11.735	501	11.760	414
11.785	501	11.811	365
11.836	500	11.862	319
11.886	500	11.912	279
11.938	499	11.963	247
11.988	498	12.013	224
12.039	498	12.065	216
12.089	497	12.115	218
12.140	498	12.166	230
12.190	498	12.216	254
12.242	498	12.267	287
12.292	497	12.317	326
12.343	498	12.369	375
12.393	499	12.419	424
12.444	499	12.470	472
12.495	501	12.520	523
12.546	500	12.571	567
12.596	502	12.622	605
12.647	501	12.673	636
12.697	502	12.723	657
12.749	503	12.774	664
12.799	504	12.824	661
12.850	504	12.876	649
12.900	503	12.926	623
12.951	503	12.977	593
13.001	503	13.027	555
13.053	502	13.078	510
13.103	502	13.128	460
13.154	501	13.180	410
13.204	500	13.230	362
13.255	500	13.281	318
13.306	499	13.331	280
13.357	499	13.382	249
13.407	498	13.433	229
13.458	498	13.484	222
13.508	498	13.534	224
13.560	498	13.585	237
13.610	497	13.635	261
13.661	498	13.687	295
13.711	498	13.737	335
13.762	499	13.788	381
13.812	499	13.838	429
13.864	500	13.889	479
13.914	501	13.939	525
13.965	501	13.991	568
14.015	503	14.041	605
14.066	502	14.092	633
14.117	503	14.142	652
14.168	501	14.193	658
14.218	503	14.244	655
14.269	504	14.295	643
14.319	503	14.345	618
14.371	503	14.396	586
14.421	504	14.446	546
14.472	502	14.498	502
14.522	502	14.548	456
14.573	502	14.599	405
14.623	501	14.649	359
14.675	500	14.700	317
14.725	498	14.750	281
14.776	498	14.802	252
14.826	498	14.852	233
14.877	498	14.903	227
14.928	497	14.953	231
14.979	498	15.004	244
15.030	500	15.055	270
15.080	498	15.106	304
15.131	499	15.156	342
15.182	499	15.207	387
15.233	500	15.257	435
15.283	500	15.309	482
15.334	501	15.359	528
15.384	500	15.410	570
15.436	504	15.460	604
15.486	503	15.511	632
15.537	504	15.561	647
15.587	503	15.613	654
15.638	503	15.663	649
15.688	504	15.714	636
15.740	503	15.764	610
15.790	503	15.815	579
15.841	502	15.866	540
15.891	502	15.917	496
15.942	501	15.967	449
15.993	500	16.018	402
16.044	499	16.068	357
16.094	500	16.120	316
16.145	498	16.170	282
16.195	499	16.221	254
16.247	499	16.271	237
16.297	497	16.322	232
16.348	498	16.372	238
16.398	499	16.424	251
16.449	499	16.474	278
16.499	499	16.525	310
16.551	500	16.575	350
16.601	498	16.626	394
16.652	500	16.677	440
16.702	500	16.728	486
16.753	501	16.778	531
16.804	502	16.829	571
16.855	502	16.879	604
16.905	503	16.931	628
16.956	503	16.981	643
17.006	503	17.032	648
17.058	503	17.082	642
17.108	502	17.133	628
17.159	501	17.183	604
17.209	502	17.235	572
17.260	502	17.285	533
17.310	502	17.336	490
17.362	502	17.386	444
17.412	501	17.437	399
17.463	500	17.488	356
17.513	499	17.539	316
17.564	500	17.589	282
17.615	499	17.640	257
17.666	498	17.690	241
17.716	498	17.742	239
17.767	499	17.792	245
17.817	499	17.843	259
17.869	499	17.893	286
17.919	499	17.944	318
17.970	499	17.994	357
18.020	500	18.046	401
18.071	501	18.097	445
18.121	500	18.147	490
18.173	501	18.198	533
18.223	502	18.248	571
18.274	502	18.300	601
18.324	503	18.350	625
18.375	503	18.401	639
18.426	503	18.451	642
18.477	503	18.502	636
18.527	501	18.553	621
18.578	502	18.604	597
18.628	502	18.654	565
18.680	501	18.705	527
18.730	501	18.755	484
18.781	500	18.807	440
18.831	500	18.857	395
18.882	500	18.908	353
18.932	499	18.958	316
18.984	498	19.009	284
19.034	498	19.059	261
19.085	497	19.111	248
19.135	499	19.161	245
19.186	498	19.212	252
19.237	498	19.262	267
19.288	499	19.313	292
19.338	499	19.364	327
19.389	499	19.415	364
19.439	501	19.465	406
19.491	501	19.516	450
19.541	501	19.566	494
19.592	502	19.618	536
19.642	502	19.668	572
19.693	502	19.719	599
19.743	504	19.769	623
19.795	502	19.820	634
19.845	502	19.870	637
19.896	500	19.922	630
19.946	502	19.972	614
19.997	501	20.023	589
20.048	502	20.073	558
20.099	500	20.124	521
20.149	501	20.175	479
20.200	499	20.226	436
20.250	500	20.276	390
20.302	500	20.327	352
20.352	499	20.377	315
20.403	500	20.429	285
20.453	499	20.479	264
20.504	499	20.530	254
20.554	500	20.580	250
20.606	500	20.631	258
20.656	498	20.681	275
20.707	499	20.733	302
20.757	500	20.783	333
20.808	500	20.834	371
20.859	500	20.884	411
20.910	501	20.935	455
20.960	501	20.986	495
21.011	501	21.037	537
21.061	502	21.087	571
21.113	502	21.138	599
21.163	503	21.188	620
21.214	501	21.240	630
21.264	502	21.290	631
21.315	501	21.341	624
21.366	502	21.391	607
21.417	502	21.442	583
21.467	501	21.492	551
21.518	500	21.544	514
21.568	500	21.594	473
21.619	500	21.645	432
21.670	500	21.695	389
21.721	500	21.746	351
21.771	499	21.797	316
21.822	500	21.848	288
21.872	499	21.898	268
21.924	499	21.949	258
21.974	498	21.999	257
22.025	499	22.051	264
22.075	499	22.101	283
22.126	500	22.152	307
22.177	500	22.202	340
22.228	500	22.253	377
22.278	501	22.303	418
22.329	501	22.355	459
22.379	502	22.405	500
22.430	502	22.456	538
22.481	502	22.506	571
22.532	501	22.557	598
22.583	502	22.608	617
22.633	501	22.659	625
22.684	502	22.709	626
22.735	501	22.760	618
22.786	502	22.810	600
22.836	501	22.862	575
22.887	501	22.912	543
22.937	500	22.963	507
22.989	500	23.013	468
23.039	500	23.064	427
23.090	500	23.114	386
23.140	498	23.166	349
23.191	500	23.216	316
23.241	499	23.267	290
23.293	500	23.317	272
23.343	497	23.368	263
23.394	499	23.419	263
23.444	499	23.470	270
23.495	499	23.520	290
23.546	500	23.571	316
23.597	501	23.621	347
23.647	501	23.673	384
23.698	500	23.723	423
23.748	501	23.774	463
23.800	501	23.824	503
23.850	502	23.875	540
23.901	500	23.926	571
23.951	502	23.977	596
24.002	502	24.027	613
24.052	502	24.078	620
24.104	500	24.128	620
24.154	501	24.179	612
24.205	501	24.230	594
24.255	501	24.281	568
24.306	501	24.331	538
24.357	501	24.382	499
24.408	500	24.432	462
24.458	501	24.484	422
24.509	499	24.534	384
24.559	500	24.585	348
24.611	500	24.635	317
24.661	499	24.686	292
24.712	500	24.737	277
24.762	498	24.788	268
24.813	499	24.838	269
24.863	500	24.889	278
24.915	500	24.939	297
24.965	500	24.990	322
25.016	500	25.041	354
25.066	501	25.092	390
25.117	501	25.142	428
25.168	501	25.193	468
25.219	502	25.243	506
25.269	501	25.295	541
25.320	501	25.345	571
25.370	501	25.396	594
25.422	501	25.446	609
25.472	501	25.497	615
25.523	501	25.548	616
25.573	501	25.599	605
25.624	501	25.650	588
25.674	501	25.700	561
25.726	501	25.751	531
25.776	501	25.801	496
25.827	501	25.853	457
25.877	500	25.903	419
25.928	500	25.954	381
25.979	501	26.004	347
26.030	498	26.055	318
26.080	500	26.106	294
26.131	500	26.157	279
26.181	500	26.207	273
26.233	500	26.258	274
26.283	500	26.308	283
26.334	500	26.360	305
26.384	500	26.410	330
26.435	499	26.461	361
26.486	501	26.511	396
26.537	501	26.562	434
26.587	500	26.612	471
26.638	501	26.664	508
26.688	501	26.714	543
26.739	503	26.765	570
26.790	502	26.815	592
26.841	501	26.866	605
26.891	501	26.917	611
26.942	501	26.968	608
26.992	501	27.018	599
27.044	501	27.069	580
27.094	501	27.119	555
27.145	501	27.171	525
27.195	500	27.221	490
27.246	501	27.272	453
27.297	501	27.322	415
27.348	500	27.373	379
27.398	500	27.423	346
27.449	500	27.475	318
27.499	500	27.525	297
27.550	500	27.576	284
27.601	500	27.626	277
27.652	500	27.677	281
27.702	500	27.728	292
27.753	500	27.779	311
27.803	501	27.829	336
27.855	500	27.880	367
27.905	500	27.930	402
27.956	500	27.982	439
28.006	500	28.032	476
28.057	500	28.083	511
28.108	500	28.133	543
28.159	501	28.184	570
28.209	500	28.234	590
28.260	501	28.286	601
28.310	501	28.336	608
28.361	501	28.387	605
28.412	501	28.437	592
28.463	501	28.488	574
28.513	501	28.539	549
28.564	501	28.590	520
28.614	501	28.640	484
28.666	500	28.691	448
28.716	501	28.741	411
28.767	500	28.793	378
28.817	500	28.843	345
28.868	501	28.894	319
28.919	500	28.944	299
28.970	500	28.995	288
29.020	500	29.046	283
29.071	500	29.097	286
29.121	500	29.147	298
29.172	501	29.198	317
29.223	500	29.248	344
29.274	501	29.299	374
29.325	499	29.350	408
29.375	500	29.401	444
29.426	501	29.451	479
29.477	501	29.502	513
29.528	501	29.552	543
29.578	501	29.604	568
29.629	501	29.654	586
29.679	501	29.705	597
29.731	501	29.755	602
29.781	501	29.806	598
29.832	501	29.857	586
29.882	502	29.908	567
29.933	501	29.958	542
29.983	501	30.009	512
30.035	500	30.059	478
30.085	503	30.110	444
30.136	501	30.161	406
30.186	501	30.212	376
30.237	500	30.262	346
30.288	500	30.313	321
30.339	501	30.363	302
30.389	501	30.415	292
30.440	500	30.465	288
30.490	500	30.516	293
30.542	499	30.566	305
30.592	499	30.617	324
30.643	501	30.668	350
30.693	499	30.719	380
30.744	500	30.769	413
30.794	500	30.820	448
30.846	500	30.870	482
30.896	500	30.921	515
30.947	500	30.972	544
30.997	500	31.023	568
31.048	501	31.073	584
31.099	499	31.124	595
31.150	503	31.174	597
31.200	502	31.226	593
31.251	502	31.276	580
31.301	501	31.327	561
31.353	502	31.377	536
31.403	501	31.428	507
31.454	501	31.479	473
31.504	500	31.530	440
31.555	500	31.580	406
31.606	500	31.631	374
31.657	501	31.681	346
31.707	500	31.732	322
31.758	500	31.783	306
31.808	500	31.834	296
31.859	499	31.884	293
31.910	500	31.935	299
31.961	499	31.985	312
32.011	499	32.037	331
32.062	500	32.087	356
32.112	500	32.138	385
32.164	499	32.188	419
32.214	500	32.239	453
32.265	500	32.290	485
32.315	500	32.341	515
32.366	500	32.392	544
32.417	501	32.442	566
32.468	501	32.493	582
32.518	501	32.543	590
32.569	502	32.595	592
32.619	501	32.645	587
32.670	502	32.696	574
32.721	502	32.746	555
32.772	501	32.797	530
32.822	501	32.848	501
32.873	501	32.899	468
32.923	501	32.949	436
32.975	501	33.000	403
33.025	501	33.050	373
33.076	500	33.102	347
33.126	501	33.152	324
33.177	500	33.203	309
33.228	499	33.253	300
33.279	500	33.304	298
33.329	499	33.354	304
33.380	499	33.406	317
33.430	500	33.456	338
33.481	499	33.507	363
33.532	499	33.557	392
33.583	500	33.608	424
33.633	500	33.659	457
33.684	500	33.710	488
33.734	500	33.760	519
33.786	500	33.811	544
33.836	501	33.861	565
33.887	501	33.913	578
33.937	501	33.963	587
33.988	501	34.014	588
34.039	500	34.064	581
34.090	501	34.115	567
34.140	502	34.166	549
34.191	502	34.217	523
34.241	501	34.267	495
34.292	501	34.318	464
34.343	501	34.368	432
34.394	502	34.419	400
34.444	501	34.470	372
34.495	500	34.521	346
34.545	500	34.571	326
34.597	500	34.622	312
34.647	500	34.672	304
34.698	498	34.724	305
34.748	499	34.774	311
34.799	501	34.825	324
34.850	499	34.875	344
34.901	498	34.926	369
34.951	500	34.977	397
35.002	499	35.028	428
35.052	501	35.078	460
35.103	500	35.129	490
35.154	500	35.179	519
35.205	501	35.230	543
35.255	501	35.281	563
35.306	501	35.332	575
35.356	502	35.382	582
35.408	502	35.433	583
35.458	500	35.483	575
35.509	501	35.535	561
35.559	502	35.585	542
35.610	502	35.636	518
35.661	502	35.686	490
35.712	500	35.737	460
35.762	501	35.788	429
35.813	500	35.839	399
35.863	500	35.889	371
35.914	500	35.940	347
35.965	499	35.990	327
36.016	501	36.041	316
36.066	500	36.092	309
36.117	499	36.143	309
36.167	499	36.193	317
36.219	499	36.244	331
36.269	499	36.294	350
36.320	499	36.346	375
36.370	499	36.396	403
36.421	500	36.447	432
36.472	500	36.497	464
36.523	500	36.548	493
36.573	501	36.599	519
36.624	501	36.650	543
36.674	501	36.700	560
36.726	502	36.751	572
36.776	501	36.801	578
36.827	502	36.852	577
36.877	502	36.903	570
36.928	502	36.954	557
36.978	503	37.004	536
37.030	501	37.055	515
37.080	502	37.105	485
37.131	502	37.157	456
37.181	501	37.207	426
37.232	501	37.258	397
37.283	500	37.308	370
37.334	499	37.359	349
37.384	500	37.410	330
37.435	501	37.461	319
37.485	499	37.511	315
37.537	499	37.562	315
37.587	499	37.612	322
37.638	499	37.663	336
37.688	498	37.714	357
37.739	499	37.765	381
37.789	499	37.815	408
37.841	500	37.866	437
37.891	500	37.916	467
37.942	501	37.968	494
37.992	502	38.018	520
38.043	501	38.069	541
38.094	501	38.119	558
38.145	502	38.170	569
38.195	502	38.221	571
38.246	501	38.272	572
38.296	502	38.322	564
38.348	502	38.373	549
38.398	502	38.423	530
38.449	502	38.474	506
38.499	502	38.525	480
38.550	501	38.576	451
38.600	501	38.626	423
38.652	500	38.677	395
38.702	500	38.727	370
38.753	499	38.779	349
38.803	499	38.829	333
38.854	499	38.880	322
38.905	500	38.930	317
38.956	499	38.981	321
39.006	499	39.032	329
39.057	500	39.083	343
39.107	500	39.133	363
39.159	500	39.184	386
39.209	500	39.234	414
39.260	500	39.286	441
39.310	500	39.336	470
39.361	501	39.387	496
39.411	500	39.437	521
39.463	501	39.488	540
39.513	502	39.538	556
39.564	501	39.590	566
39.614	502	39.640	569
39.665	502	39.691	566
39.716	503	39.741	558
39.767	501	39.792	544
39.817	502	39.843	525
39.868	501	39.894	502
39.918	501	39.944	475
39.970	500	39.995	448
40.020	500	40.045	421
40.071	501	40.097	394
40.121	500	40.147	370
40.172	500	40.198	350
40.222	499	40.248	335
40.274	500	40.299	326
40.324	500	40.349	322
40.375	499	40.401	326
40.425	499	40.451	335
40.476	499	40.502	349
40.527	499	40.552	369
40.578	500	40.603	392
40.628	501	40.654	417
40.679	500	40.705	446
40.729	500	40.755	472
40.781	501	40.806	498
40.831	501	40.856	520
40.882	501	40.908	540
40.932	501	40.958	553
40.983	503	41.009	562
41.033	502	41.059	565
41.085	501	41.110	561
41.135	502	41.160	552
41.186	501	41.212	538
41.236	502	41.262	519
41.287	503	41.313	497
41.338	501	41.363	471
41.389	501	41.414	445
41.439	500	41.465	417
41.490	500	41.516	392
41.540	500	41.566	370
41.592	500	41.617	352
41.642	500	41.667	339
41.693	499	41.719	330
41.743	499	41.769	328
41.794	499	41.820	331
41.844	499	41.870	341
41.896	499	41.921	355
41.947	500	41.971	375
41.997	500	42.023	397
42.048	500	42.073	422
42.098	500	42.124	449
42.150	501	42.174	475
42.200	501	42.225	499
42.251	501	42.276	520
42.301	501	42.327	538
42.352	501	42.377	551
42.403	502	42.428	558
42.454	502	42.478	561
42.504	501	42.530	557
42.555	502	42.580	547
42.605	501	42.631	533
42.657	501	42.681	514
42.707	501	42.732	491
42.758	501	42.782	466
42.808	500	42.834	441
42.859	500	42.884	415
42.909	501	42.935	391
42.961	500	42.985	370
43.011	500	43.036	353
43.062	500	43.087	340
43.112	499	43.138	334
43.163	499	43.188	333
43.214	499	43.239	336
43.265	499	43.289	346
43.315	500	43.341	361
43.366	500	43.391	380
43.416	501	43.442	402
43.468	500	43.492	427
43.518	500	43.543	453
43.569	501	43.593	476
43.619	501	43.645	500
43.670	501	43.695	520
43.720	501	43.746	537
43.772	502	43.796	548
43.822	501	43.847	555
43.873	502	43.898	555
43.923	501	43.949	551
43.974	501	43.999	540
44.025	501	44.050	527
44.076	501	44.100	508
44.126	501	44.152	486
44.177	501	44.202	461
44.227	501	44.253	438
44.279	499	44.303	413
44.329	500	44.354	392
44.380	500	44.404	371
44.430	500	44.456	355
44.481	499	44.506	344
44.531	500	44.557	337
44.583	499	44.607	338
44.633	500	44.658	342
44.684	499	44.709	353
44.734	500	44.760	367
44.785	499	44.810	385
44.836	500	44.861	407
44.887	500	44.912	431
44.937	501	44.963	455
44.988	501	45.014	479
45.038	501	45.064	501
45.090	501	45.115	519
45.140	501	45.165	534
45.191	501	45.217	545
45.241	501	45.267	551
45.292	501	45.318	551
45.342	500	45.368	546
45.394	501	45.419	537
45.444	501	45.469	522
45.495	501	45.521	502
45.545	501	45.571	482
45.596	501	45.622	459
45.647	500	45.672	435
45.698	501	45.723	412
45.748	500	45.774	391
45.799	499	45.825	372
45.849	500	45.875	358
45.901	500	45.926	346
45.951	500	45.976	342
46.002	499	46.028	342
46.052	500	46.078	347
46.103	500	46.129	358
46.153	500	46.179	372
46.205	500	46.230	392
46.255	500	46.280	412
46.306	501	46.332	435
46.356	500	46.382	458
46.407	501	46.433	480
46.458	501	46.483	501
46.509	501	46.534	518
46.559	502	46.585	533
46.610	501	46.636	544
46.660	501	46.686	545
46.712	501	46.737	546
46.762	502	46.787	539
46.813	501	46.839	531
46.863	501	46.889	516
46.914	501	46.940	497
46.964	501	46.990	477
47.016	500	47.041	455
47.066	501	47.091	432
47.117	500	47.143	411
47.167	500	47.193	390
47.218	500	47.244	373
47.269	500	47.294	360
47.320	499	47.345	351
47.370	500	47.396	348
47.421	500	47.447	347
47.471	500	47.497	353
47.523	499	47.548	364
47.573	501	47.598	378
47.624	500	47.650	396
47.674	501	47.700	416
47.725	501	47.751	438
47.775	501	47.801	459
47.827	501	47.852	480
47.877	499	47.902	501
47.928	501	47.954	518
47.978	501	48.004	531
48.029	501	48.055	539
48.080	501	48.105	543
48.131	501	48.156	542
48.182	501	48.207	535
48.232	501	48.258	526
48.283	501	48.308	511
48.334	500	48.359	492
48.385	501	48.409	473
48.435	501	48.461	452
48.486	498	48.511	431
48.536	500	48.562	409
48.588	500	48.612	390
48.638	500	48.663	374
48.689	500	48.713	363
48.739	500	48.765	354
48.790	500	48.815	351
48.840	501	48.866	352
48.892	500	48.916	359
48.942	500	48.967	368
48.993	500	49.018	384
49.043	500	49.069	401
49.094	500	49.119	421
49.145	501	49.170	442
49.196	500	49.220	463
49.246	501	49.272	483
49.297	501	49.322	501
49.347	501	49.373	515
49.399	502	49.423	528
49.449	501	49.474	535
49.500	501	49.524	538
49.550	501	49.576	537
49.601	501	49.626	530
49.651	500	49.677	520
49.703	501	49.727	505
49.753	500	49.778	488
49.804	501	49.829	469
49.854	501	49.880	449
49.905	500	49.930	428
49.956	500	49.981	408
50.007	500	50.031	390
50.057	500	50.083	373
50.108	500	50.133	365
50.158	500	50.184	358
50.210	500	50.234	355
50.260	500	50.285	357
50.311	500	50.335	364
50.361	500	50.387	374
50.412	500	50.437	389
50.462	501	50.488	406
50.514	501	50.538	424
50.564	501	50.589	445
50.615	500	50.640	465
50.665	501	50.691	486
50.716	500	50.741	500
50.767	500	50.792	516
50.818	501	50.842	525
50.868	501	50.894	532
50.919	501	50.944	534
50.969	500	50.995	533
51.021	501	51.045	525
51.071	502	51.096	515
51.122	501	51.146	500
51.172	500	51.198	483
51.223	501	51.249	463
51.273	501	51.299	446
51.325	500	51.350	426
51.375	500	51.400	407
51.426	500	51.452	392
51.476	500	51.502	378
51.527	501	51.553	368
51.578	500	51.603	361
51.629	500	51.654	358
51.679	500	51.705	362
51.730	500	51.756	369
51.780	500	51.806	379
51.832	500	51.857	393
51.882	499	51.907	410
51.933	501	51.959	428
51.983	500	52.009	448
52.034	501	52.060	467
52.084	500	52.110	484
52.136	501	52.161	500
52.186	501	52.211	513
52.237	501	52.263	523
52.287	501	52.313	529
52.338	502	52.364	530
52.389	500	52.414	527
52.440	501	52.465	520
52.490	502	52.516	510
52.541	501	52.567	494
52.591	501	52.617	480
52.643	501	52.668	462
52.693	500	52.718	443
52.744	501	52.770	426
52.794	500	52.820	407
52.845	500	52.871	390
52.895	500	52.921	380
52.947	500	52.972	370
52.997	500	53.022	365
53.048	499	53.074	364
53.098	500	53.124	367
53.149	500	53.175	374
53.200	500	53.225	385
53.251	500	53.276	398
53.301	500	53.327	415
53.352	501	53.378	432
53.402	501	53.428	450
53.454	500	53.479	469
53.504	501	53.529	486
53.555	500	53.581	500
53.605	502	53.631	512
53.656	501	53.682	520
53.706	501	53.732	525
53.758	501	53.783	525
53.808	500	53.833	523
53.859	501	53.885	515
53.909	500	53.935	505
53.960	500	53.986	490
54.011	501	54.036	474
54.062	500	54.087	458
54.112	500	54.138	440
54.163	500	54.189	423
54.213	501	54.239	407
54.265	500	54.290	393
54.315	500	54.340	381
54.366	500	54.392	373
54.416	500	54.442	369
54.467	500	54.493	368
54.518	500	54.543	373
54.569	500	54.594	379
54.619	500	54.644	390
54.670	500	54.696	403
54.720	500	54.746	419
54.771	500	54.797	435
54.822	501	54.847	452
54.873	501	54.898	470
54.923	500	54.949	485
54.974	500	55.000	499
55.024	501	55.050	510
55.076	501	55.101	517
55.126	501	55.151	521
55.177	502	55.203	521
55.227	500	55.253	517
55.278	501	55.304	510
55.329	500	55.354	499
55.380	501	55.405	487
55.430	501	55.455	471
55.481	500	55.507	455
55.531	501	55.557	438
55.582	500	55.608	422
55.633	501	55.658	407
55.684	501	55.709	395
55.735	500	55.760	383
55.785	500	55.811	377
55.836	500	55.861	372
55.887	500	55.912	373
55.938	500	55.962	377
55.988	500	56.014	383
56.039	500	56.064	395
56.089	500	56.115	408
56.141	500	56.165	424
56.191	500	56.216	439
56.242	500	56.266	453
56.292	501	56.318	471
56.343	501	56.368	485
56.393	500	56.419	497
56.445	500	56.469	507
56.495	500	56.520	515
56.546	500	56.571	518
56.596	501	56.622	515
56.647	501	56.672	510
56.698	500	56.723	505
56.749	501	56.773	495
56.799	502	56.825	482
56.850	500	56.875	469
56.900	501	56.926	452
56.952	500	56.976	436
57.002	501	57.027	421
57.053	501	57.078	407
57.103	500	57.129	396
57.154	500	57.179	386
57.204	500	57.230	380
57.256	500	57.280	376
57.306	500	57.331	379
57.357	500	57.382	382
57.407	500	57.433	390
57.458	500	57.483	399
57.509	500	57.534	412
57.560	500	57.584	424
57.610	500	57.636	442
57.661	500	57.686	457
57.711	500	57.737	471
57.763	501	57.787	485
57.813	501	57.838	496
57.864	500	57.889	504
57.914	501	57.940	511
57.965	501	57.990	513
58.015	501	58.041	512
58.067	500	58.091	508
58.117	500	58.142	500
58.168	501	58.193	490
58.218	501	58.244	479
58.269	500	58.294	464
58.320	501	58.345	450
58.371	501	58.395	434
58.421	501	58.447	421
58.472	500	58.497	407
58.522	500	58.548	397
58.574	500	58.598	388
58.624	500	58.649	383
58.675	500	58.700	381
58.725	500	58.751	382
58.776	500	58.802	386
58.826	499	58.852	394
58.878	500	58.903	404
58.928	501	58.953	416
58.979	500	59.005	430
59.029	500	59.055	444
59.080	501	59.106	459
59.131	500	59.156	472
59.182	500	59.207	484
59.232	501	59.258	495
59.283	500	59.309	503
59.333	501	59.359	508
59.385	501	59.410	509
59.435	501	59.460	507
59.486	501	59.512	503
59.536	501	59.562	496
59.587	501	59.613	486
59.638	501	59.663	474
59.689	501	59.714	461
59.739	500	59.764	447
59.790	501	59.816	433
59.840	501	59.866	420
59.891	500	59.917	408
59.942	500	59.967	399
59.993	500	60.018	392
60.043	500	60.069	387
60.094	500	60.120	386
60.144	501	60.170	384
60.196	499	60.221	392
60.246	501	60.271	399
60.297	502	60.323	408
60.347	500	60.373	420
60.398	500	60.424	433
60.449	500	60.474	446
60.500	500	60.525	460
60.550	500	60.575	473
60.601	500	60.627	483
60.651	501	60.677	493
60.702	500	60.728	500
60.753	501	60.778	503
60.804	501	60.829	504
60.854	501	60.880	503
60.905	501	60.931	498
60.955	502	60.981	491
61.007	501	61.032	482
61.057	501	61.082	471
61.108	501	61.134	458
61.158	500	61.184	446
61.209	500	61.235	432
61.260	500	61.285	420
61.311	500	61.336	409
61.361	500	61.386	400
61.412	500	61.438	392
61.462	500	61.488	390
61.513	500	61.539	389
61.564	499	61.589	391
61.615	500	61.640	396
61.665	500	61.691	403
61.716	500	61.742	412
61.766	500	61.792	424
61.818	498	61.843	436
61.868	500	61.893	449
61.919	500	61.945	462
61.969	501	61.995	472
62.020	501	62.046	483
62.071	501	62.096	491
62.122	500	62.147	497
62.172	501	62.198	500
62.223	501	62.249	501
62.273	501	62.299	499
62.324	501	62.350	494
62.375	499	62.400	487
62.426	501	62.451	477
62.477	500	62.502	467
62.527	500	62.553	456
62.578	499	62.603	444
62.629	500	62.654	431
62.680	501	62.704	421
62.730	500	62.756	411
62.781	500	62.806	403
62.831	500	62.857	397
62.883	500	62.907	394
62.933	500	62.958	394
62.984	500	63.009	396
63.034	500	63.060	400
63.085	500	63.110	408
63.135	500	63.161	416
63.187	501	63.211	427
63.237	499	63.262	439
63.288	500	63.313	450
63.338	500	63.364	462
63.389	501	63.414	472
63.440	501	63.465	481
63.491	501	63.515	489
63.541	500	63.567	495
63.592	500	63.617	496
63.642	502	63.668	496
63.694	501	63.718	494
63.744	500	63.769	490
63.795	498	63.820	483
63.845	501	63.871	474
63.896	500	63.921	464
63.946	501	63.972	453
63.998	502	64.022	442
64.048	501	64.073	430
64.099	501	64.124	420
64.149	500	64.175	412
64.200	500	64.225	405
64.251	499	64.276	400
64.302	501	64.326	398
64.352	500	64.378	397
64.403	500	64.428	401
64.453	499	64.479	405
64.505	501	64.529	412
64.555	499	64.580	421
64.606	500	64.631	432
64.656	500	64.682	441
64.707	501	64.732	451
64.758	500	64.783	463
64.809	501	64.833	472
64.859	503	64.884	480
64.910	501	64.935	487
64.960	501	64.986	491
65.011	501	65.036	493
65.062	501	65.087	493
65.113	501	65.137	490
65.163	501	65.189	485
65.214	501	65.239	478
65.264	501	65.290	471
65.316	501	65.340	461
65.366	500	65.391	449
65.417	500	65.442	440
65.467	500	65.493	430
65.518	501	65.544	421
65.569	500	65.594	413
65.620	501	65.645	407
65.670	501	65.695	404
65.721	500	65.747	402
65.771	500	65.797	402
65.822	500	65.848	406
65.873	500	65.898	409
65.924	500	65.949	417
65.974	500	66.000	425
66.025	500	66.051	434
66.075	501	66.101	444
66.127	501	66.152	453
66.177	500	66.202	463
66.228	500	66.254	471
66.278	501	66.304	478
66.329	500	66.355	483
66.380	501	66.405	488
66.431	500	66.456	489
66.481	501	66.506	488
66.532	501	66.558	486
66.582	501	66.608	480
66.633	500	66.659	474
66.684	500	66.709	467
66.735	501	66.760	458
66.785	501	66.811	449
66.836	501	66.862	439
66.886	500	66.912	429
66.938	500	66.963	422
66.988	501	67.013	415
67.039	500	67.065	410
67.089	501	67.115	407
67.140	500	67.166	406
67.191	501	67.216	407
67.242	500	67.267	410
67.292	500	67.318	414
67.343	500	67.369	420
67.393	500	67.419	428
67.444	500	67.470	436
67.495	500	67.520	444
67.546	499	67.571	452
67.596	500	67.622	463
67.647	501	67.673	470
67.697	501	67.723	477
67.749	501	67.774	480
67.799	501	67.824	484
67.850	500	67.876	485
67.900	500	67.926	485
67.951	501	67.977	482
68.002	500	68.027	476
68.053	501	68.078	470
68.103	501	68.129	462
68.154	500	68.180	455
68.204	500	68.230	447
68.255	501	68.281	438
68.306	500	68.331	430
68.357	500	68.382	423
68.407	500	68.433	417
68.458	500	68.484	413
68.508	500	68.534	409
68.560	500	68.585	410
68.610	500	68.635	411
68.661	500	68.687	414
68.711	500	68.737	418
68.762	500	68.788	424
68.813	500	68.838	432
68.864	500	68.889	438
68.914	502	68.940	447
68.965	501	68.991	455
69.015	500	69.041	462
69.066	501	69.092	469
69.117	501	69.142	474
69.168	500	69.193	479
69.218	500	69.244	480
69.269	500	69.295	482
69.319	501	69.345	479
69.371	501	69.396	477
69.421	501	69.446	473
69.472	501	69.498	467
69.522	500	69.548	460
69.573	503	69.599	453
69.624	500	69.649	445
69.675	500	69.700	438
69.725	501	69.751	431
69.776	501	69.802	425
69.826	500	69.852	420
69.878	500	69.903	416
69.928	499	69.953	414
69.979	500	70.004	414
70.029	500	70.055	415
70.080	500	70.106	418
70.130	500	70.156	423
70.182	500	70.207	428
70.232	501	70.257	435
70.283	500	70.309	441
70.333	500	70.359	448
70.384	501	70.410	455
70.435	501	70.460	462
70.486	501	70.511	468
70.536	503	70.562	473
70.587	499	70.613	476
70.637	500	70.663	477
70.689	501	70.714	477
70.739	501	70.764	475
70.790	500	70.815	473
70.840	501	70.866	469
70.891	501	70.917	463
70.941	500	70.967	456
70.993	500	71.018	451
71.043	501	71.068	444
71.094	500	71.120	437
71.144	500	71.170	432
71.195	500	71.221	426
71.246	499	71.271	422
71.297	501	71.322	419
71.347	501	71.373	418
71.398	501	71.424	418
71.448	498	71.474	420
71.500	500	71.525	421
71.550	500	71.575	426
71.601	500	71.626	430
71.651	500	71.677	437
71.702	501	71.728	442
71.752	500	71.778	450
71.804	500	71.829	455
71.854	501	71.879	461
71.905	500	71.931	466
71.955	500	71.981	470
72.006	500	72.032	472
72.057	500	72.082	473
72.108	501	72.133	473
72.158	500	72.184	471
72.209	501	72.235	469
72.259	501	72.285	465
72.311	501	72.336	460
72.361	500	72.386	456
72.412	501	72.438	449
72.462	500	72.488	443
72.513	500	72.539	438
72.563	500	72.589	433
72.615	501	72.640	429
72.665	501	72.690	426
72.716	500	72.742	423
72.766	500	72.792	422
72.817	500	72.843	422
72.868	500	72.893	424
72.919	500	72.944	427
72.969	500	72.995	430
73.020	500	73.046	435
73.070	501	73.096	440
73.122	501	73.147	445
73.172	501	73.197	451
73.223	500	73.249	456
73.273	501	73.299	460
73.324	502	73.350	464
73.374	501	73.400	468
73.426	500	73.451	468
73.476	500	73.501	469
73.527	500	73.553	469
73.577	500	73.603	467
73.628	500	73.654	464
73.679	500	73.704	461
73.730	501	73.755	457
73.780	500	73.806	453
73.831	501	73.857	447
73.881	500	73.907	443
73.933	501	73.958	438
73.983	499	74.008	434
74.034	500	74.060	431
74.084	500	74.110	428
74.135	500	74.161	426
74.185	500	74.211	426
74.237	500	74.262	428
74.287	501	74.312	429
74.338	500	74.364	431
74.388	501	74.414	434
74.439	500	74.465	438
74.491	502	74.515	443
74.541	500	74.566	447
74.592	500	74.617	452
74.642	501	74.668	455
74.693	501	74.718	458
74.744	501	74.769	463
74.795	500	74.819	465
74.845	500	74.871	464
74.896	500	74.921	465
74.946	500	74.972	465
74.998	500	75.022	463
75.048	500	75.073	461
75.099	500	75.123	458
75.149	500	75.175	454
75.200	500	75.225	450
75.250	501	75.276	446
75.302	501	75.326	441
75.352	501	75.377	439
75.403	500	75.428	433
75.453	500	75.479	432
75.504	500	75.529	431
75.555	500	75.580	430
75.606	500	75.630	429
75.656	500	75.682	431
75.707	501	75.732	432
75.757	501	75.783	434
75.809	501	75.833	438
75.859	500	75.884	441
75.910	501	75.934	445
75.960	501	75.986	448
76.011	501	76.036	452
76.061	500	76.087	454
76.113	500	76.137	456
76.163	501	76.188	459
76.214	500	76.239	461
76.264	500	76.290	460
76.315	501	76.340	461
76.366	501	76.391	460
76.417	500	76.441	459
76.467	500	76.493	457
76.518	500	76.543	453
76.568	500	76.594	451
76.620	500	76.644	448
76.670	500	76.695	446
76.721	500	76.745	442
76.771	500	76.797	439
76.822	501	76.847	438
76.872	500	76.898	435
76.924	500	76.948	435
76.974	501	76.999	435
77.025	500	77.050	434
77.075	499	77.101	435
77.126	500	77.151	437
77.177	499	77.202	439
77.228	500	77.252	441
77.278	503	77.304	444
77.329	499	77.354	446
77.379	500	77.405	449
77.431	500	77.455	451
77.481	501	77.506	454
77.532	500	77.556	455
77.582	501	77.608	457
77.633	500	77.659	457
77.683	500	77.709	458
77.735	501	77.760	458
77.785	501	77.810	456
77.836	501	77.862	455
77.886	501	77.912	453
77.937	499	77.963	451
77.988	499	78.013	449
78.039	500	78.064	448
78.089	500	78.115	444
78.140	500	78.166	443
78.190	501	78.216	442
78.242	500	78.267	439
78.292	500	78.317	439
78.343	502	78.369	437
78.393	500	78.419	438
78.444	500	78.470	439
78.494	501	78.520	439
78.546	501	78.571	440
78.596	501	78.621	442
78.647	500	78.673	444
78.697	501	78.723	447
78.748	501	78.774	447
78.799	500	78.824	450
78.850	500	78.875	451
78.900	500	78.926	452
78.951	501	78.977	454
79.001	501	79.027	454
79.053	501	79.078	454
79.103	500	79.128	454
79.154	501	79.180	453
79.204	501	79.230	453
79.255	499	79.281	452
79.305	501	79.331	450
79.357	500	79.382	449
79.407	500	79.432	447
79.458	500	79.484	446
79.508	501	79.534	445
79.559	500	79.585	443
79.610	500	79.635	442
79.661	500	79.686	442
79.711	500	79.737	441
79.762	501	79.788	441
79.812	499	79.838	441
79.864	501	79.889	442
79.914	502	79.939	443
79.965	501	79.991	444
80.015	499	80.041	446
80.066	500	80.092	446
80.116	501	80.142	447
80.168	500	80.193	448
80.218	501	80.243	449
80.269	501	80.295	450
80.319	500	80.345	451
80.370	501	80.396	451
80.421	501	80.446	451
80.472	500	80.497	451
80.522	500	80.548	451
80.573	501	80.599	450
80.623	500	80.649	449
80.675	499	80.700	448
80.725	497	80.750	448
80.776	500	80.802	447
80.826	500	80.852	446
80.877	500	80.903	446
80.927	500	80.953	445
80.979	500	81.004	445
81.029	500	81.054	444
81.080	501	81.106	444
81.130	500	81.156	443
81.181	500	81.207	445
81.232	501	81.257	445
81.283	501	81.308	445
81.334	500	81.359	446
81.384	501	81.410	447
81.435	500	81.460	447
81.486	500	81.511	447
81.537	500	81.561	448
81.587	500	81.613	447
81.638	501	81.663	448
81.688	500	81.714	450
81.740	501	81.764	448
81.790	500	81.815	448
81.841	500	81.865	448
81.891	500	81.917	449
81.942	500	81.967	447
81.992	500	82.018	447
82.044	500	82.068	447
82.094	498	82.119	447
82.145	500	82.170	446
82.195	500	82.221	447
82.246	500	82.271	446
82.297	500	82.322	446
82.348	500	82.372	447
82.398	501	82.424	446
82.449	500	82.474	447
82.499	501	82.525	447
82.551	500	82.575	447
82.601	500	82.626	448
82.652	500	82.676	447
82.702	501	82.728	447
82.753	500	82.778	447
82.803	500	82.829	448
82.855	500	82.879	448
82.905	500	82.930	447
82.956	502	82.981	447
83.006	500	83.032	447
83.057	500	83.082	447
83.108	500	83.133	447
83.159	500	83.183	446
83.209	500	83.235	447
83.260	501	83.285	447
83.310	502	83.336	447
83.362	501	83.386	447
83.412	500	83.437	447
83.463	500	83.487	447
83.513	500	83.539	447
83.564	500	83.589	448
83.614	500	83.640	447
83.666	500	83.690	447
83.716	499	83.741	447
83.767	500	83.792	447
83.817	500	83.843	447
83.868	499	83.893	447
83.919	500	83.944	447
83.970	500	83.994	446
84.020	500	84.046	447
84.071	500	84.096	446
84.121	500	84.147	446
84.173	500	84.197	448
84.223	500	84.248	447
84.274	501	84.298	447
84.324	500	84.350	447
84.375	501	84.401	447
84.425	500	84.451	447
84.477	501	84.502	447
84.527	500	84.552	448
84.578	500	84.604	447
84.628	500	84.654	448
84.679	500	84.705	447
84.730	500	84.755	448
84.781	500	84.806	446
84.831	501	84.857	447
84.882	500	84.908	447
84.932	500	84.958	447
84.984	500	85.009	447
85.034	500	85.059	447
85.085	500	85.111	446
85.135	499	85.161	447
85.186	501	85.212	447
85.236	500	85.262	447
85.288	500	85.313	447
85.338	501	85.363	447
85.389	499	85.415	447
85.439	500	85.465	446
85.490	501	85.516	448
85.541	501	85.566	448
85.592	500	85.617	448
85.642	500	85.668	447
85.693	500	85.719	447
85.743	500	85.769	447
85.795	501	85.820	447
85.845	501	85.870	447
85.896	500	85.922	447
85.946	501	85.972	448
85.997	501	86.023	447
86.047	500	86.073	447
86.099	500	86.124	447
86.149	501	86.174	447
86.200	500	86.226	447
86.250	500	86.276	447
86.301	500	86.327	448
86.352	501	86.377	446
86.403	500	86.428	449
86.453	500	86.479	447
86.504	500	86.530	445
86.554	501	86.580	447
86.606	498	86.631	446
86.656	500	86.681	447
86.707	501	86.733	447
86.757	500	86.783	447
86.808	501	86.834	447
86.858	501	86.884	448
86.910	500	86.935	447
86.960	500	86.985	447
87.011	500	87.037	447
87.061	501	87.087	447
87.112	499	87.138	448
87.163	500	87.188	448
87.214	501	87.239	447
87.264	500	87.290	447
87.315	501	87.341	447
87.365	500	87.391	447
87.417	500	87.442	447
87.467	500	87.492	447
87.518	501	87.544	447
87.568	501	87.594	447
87.619	500	87.645	446
87.670	500	87.695	447
87.721	501	87.746	447
87.771	501	87.796	449
87.822	500	87.848	448
87.872	500	87.898	447
87.923	499	87.949	447
87.974	500	87.999	447
88.025	500	88.050	447
88.075	500	88.101	447
88.126	500	88.152	447
88.176	500	88.202	447
88.228	500	88.253	446
88.278	500	88.303	446
88.329	500	88.355	447
88.379	500	88.405	446
88.430	501	88.456	447
88.481	500	88.506	447
88.532	500	88.557	447
88.582	501	88.607	447
88.633	500	88.659	447
88.683	500	88.709	448
88.734	501	88.760	447
88.785	500	88.810	447
88.836	500	88.861	447
88.887	501	88.912	447
88.937	500	88.963	447
88.988	500	89.013	447
89.039	500	89.064	447
89.090	501	89.114	446
89.140	501	89.166	447
89.191	500	89.216	448
89.241	500	89.267	447
89.293	500	89.317	447
89.343	500	89.368	447
89.394	501	89.418	447
89.444	501	89.470	447
89.495	500	89.520	447
89.545	500	89.571	447
89.597	500	89.621	447
89.647	500	89.672	448
89.698	501	89.723	446
89.748	500	89.774	448
89.799	500	89.824	447
89.850	501	89.875	447
89.901	500	89.925	447
89.951	500	89.977	447
90.002	500	90.027	447
90.052	500	90.078	447
90.104	501	90.128	447
90.154	502	90.179	447
90.205	500	90.230	447
90.255	500	90.281	447
90.306	501	90.331	447
90.356	500	90.382	448
90.408	500	90.432	449
90.458	500	90.483	446
90.509	500	90.534	446
90.559	501	90.585	447
90.610	500	90.635	447
90.661	500	90.686	447
90.712	500	90.736	448
90.762	500	90.788	447
90.813	500	90.838	447
90.863	502	90.889	447
90.915	500	90.939	447
90.965	500	90.990	447
91.016	500	91.041	447
91.066	501	91.092	447
91.117	501	91.142	448
91.167	500	91.193	447
91.219	501	91.243	447
91.269	500	91.294	447
91.320	500	91.345	447
91.370	501	91.396	447
91.421	501	91.446	447
91.472	500	91.497	447
91.523	500	91.547	447
