#Creator: pendulumviewEventBuffer
#Creation time: Tue Mar 12 17:31:44 2024
#Time A	Pos A	Time B	Pos B
#[s]	[au]	[s]	[au]
0.025	327	0.050	356
0.076	361	0.101	412
0.126	396	0.152	472
0.177	432	0.202	531
0.228	468	0.253	588
0.279	501	0.303	638
0.329	529	0.354	679
0.380	550	0.405	714
0.430	564	0.456	732
0.481	570	0.506	736
0.532	568	0.557	729
0.583	558	0.608	709
0.633	540	0.659	676
0.684	516	0.710	634
0.734	486	0.760	584
0.786	452	0.811	527
0.836	416	0.861	469
0.887	381	0.913	409
0.937	345	0.963	355
0.988	313	1.014	305
1.039	286	1.064	264
1.090	264	1.115	234
1.140	251	1.166	216
1.191	244	1.217	213
1.241	245	1.267	224
1.292	253	1.318	247
1.343	268	1.368	282
1.394	292	1.419	325
1.444	321	1.470	377
1.495	354	1.521	432
1.545	389	1.571	491
1.597	423	1.622	548
1.647	461	1.672	600
1.698	491	1.724	648
1.748	521	1.774	686
1.799	543	1.825	712
1.850	558	1.875	728
1.901	566	1.926	727
1.951	566	1.977	716
2.002	558	2.028	694
2.052	543	2.078	659
2.103	521	2.129	615
2.154	492	2.179	564
2.205	460	2.230	509
2.255	424	2.281	452
2.306	387	2.332	395
2.356	353	2.382	343
2.408	321	2.433	299
2.458	291	2.483	262
2.509	269	2.535	235
2.559	253	2.585	222
2.610	245	2.636	223
2.661	245	2.686	237
2.712	251	2.737	262
2.762	266	2.788	298
2.813	288	2.839	343
2.863	314	2.889	394
2.914	346	2.940	451
2.965	381	2.990	505
3.016	417	3.041	560
3.066	454	3.092	609
3.117	487	3.143	652
3.167	517	3.193	687
3.219	541	3.244	711
3.269	558	3.294	721
3.320	567	3.346	716
3.370	570	3.396	702
3.421	563	3.447	677
3.472	549	3.497	642
3.523	527	3.548	597
3.573	498	3.599	547
3.624	467	3.650	493
3.674	429	3.700	437
3.726	394	3.751	383
3.776	358	3.801	335
3.827	324	3.852	293
3.877	294	3.903	261
3.928	269	3.954	239
3.978	251	4.004	229
4.030	242	4.055	236
4.080	241	4.105	251
4.131	247	4.157	279
4.181	260	4.207	317
4.232	281	4.258	363
4.283	307	4.308	413
4.334	341	4.359	467
4.384	377	4.410	518
4.435	413	4.461	571
4.485	450	4.511	617
4.537	485	4.562	656
4.587	516	4.612	686
4.638	542	4.663	704
4.688	560	4.714	708
4.739	571	4.765	703
4.789	572	4.815	688
4.841	568	4.866	660
4.891	553	4.916	624
4.942	533	4.968	579
4.992	505	5.018	530
5.043	472	5.069	478
5.094	436	5.119	426
5.145	398	5.170	375
5.195	361	5.221	331
5.246	325	5.272	293
5.296	294	5.322	265
5.348	267	5.373	247
5.398	248	5.423	244
5.449	239	5.474	250
5.499	235	5.525	268
5.550	240	5.576	296
5.600	255	5.626	335
5.652	275	5.677	381
5.702	303	5.727	428
5.753	336	5.779	479
5.803	373	5.829	531
5.854	411	5.880	578
5.905	449	5.930	620
5.956	486	5.981	657
6.006	518	6.032	681
6.057	545	6.083	695
6.107	565	6.133	696
6.159	576	6.184	689
6.209	580	6.234	671
6.260	576	6.286	642
6.310	559	6.336	606
6.361	539	6.387	563
6.411	510	6.437	516
6.463	476	6.488	465
6.513	438	6.538	416
6.564	399	6.590	371
6.614	360	6.640	328
6.665	323	6.691	295
6.716	290	6.741	270
6.767	263	6.792	258
6.817	242	6.843	257
6.868	231	6.894	266
6.918	229	6.944	286
6.970	234	6.995	315
7.020	249	7.045	352
7.071	271	7.097	395
7.121	300	7.147	444
7.172	334	7.198	491
7.222	372	7.248	538
7.274	412	7.299	582
7.324	452	7.349	621
7.375	490	7.401	652
7.425	523	7.451	672
7.476	552	7.502	683
7.527	572	7.552	682
7.578	584	7.603	673
7.628	584	7.654	654
7.679	581	7.705	626
7.729	566	7.755	588
7.781	543	7.806	547
7.831	512	7.856	502
7.882	476	7.908	455
7.932	438	7.958	409
7.983	396	8.009	367
8.033	356	8.059	330
8.085	318	8.110	300
8.135	283	8.160	281
8.186	256	8.212	271
8.236	235	8.262	272
8.287	226	8.313	281
8.338	223	8.363	303
8.389	227	8.414	333
8.439	244	8.465	369
8.490	266	8.516	410
8.540	297	8.566	454
8.592	334	8.617	500
8.642	374	8.667	544
8.693	415	8.719	583
8.743	458	8.769	618
8.794	497	8.820	645
8.844	531	8.870	662
8.896	560	8.921	670
8.947	580	8.971	668
8.997	591	9.023	658
9.048	594	9.073	638
9.098	587	9.124	608
9.150	570	9.174	574
9.200	545	9.225	535
9.251	513	9.276	492
9.301	475	9.327	448
9.352	434	9.377	407
9.403	392	9.428	367
9.454	349	9.478	334
9.504	310	9.530	309
9.555	275	9.580	291
9.605	246	9.631	285
9.657	227	9.681	287
9.707	218	9.732	298
9.758	216	9.782	320
9.808	223	9.834	348
9.859	241	9.884	382
9.909	266	9.935	421
9.961	298	9.985	463
10.011	337	10.036	505
10.062	379	10.087	545
10.112	422	10.138	581
10.163	465	10.188	612
10.214	505	10.239	636
10.265	540	10.289	651
10.315	568	10.341	656
10.366	588	10.391	654
10.416	598	10.442	641
10.468	600	10.492	622
10.518	591	10.543	595
10.569	572	10.593	562
10.619	545	10.645	525
10.670	512	10.695	485
10.720	471	10.746	445
10.772	428	10.796	406
10.822	383	10.847	371
10.873	340	10.898	341
10.923	300	10.949	318
10.974	265	10.999	305
11.025	238	11.050	299
11.076	219	11.100	302
11.126	209	11.152	314
11.177	211	11.202	333
11.227	221	11.253	361
11.279	240	11.303	394
11.329	267	11.354	430
11.380	303	11.404	468
11.430	343	11.456	507
11.481	387	11.506	542
11.531	432	11.557	576
11.583	476	11.607	605
11.633	516	11.658	625
11.684	551	11.709	638
11.734	578	11.760	642
11.785	596	11.810	639
11.836	605	11.861	628
11.887	604	11.912	609
11.937	593	11.963	583
11.988	572	12.014	554
12.038	542	12.064	518
12.090	505	12.115	481
12.140	465	12.165	444
12.191	419	12.217	409
12.241	373	12.267	377
12.292	330	12.318	350
12.342	288	12.368	331
12.394	255	12.419	318
12.444	229	12.469	314
12.495	212	12.521	316
12.545	206	12.571	328
12.596	208	12.622	345
12.647	220	12.672	373
12.698	242	12.723	402
12.748	272	12.774	435
12.799	310	12.825	469
12.849	352	12.875	505
12.901	396	12.926	539
12.951	441	12.976	569
13.002	487	13.028	595
13.052	527	13.078	615
13.103	562	13.129	624
13.153	587	13.179	630
13.205	603	13.230	626
13.255	610	13.280	616
13.306	606	13.332	599
13.356	592	13.382	574
13.407	568	13.433	546
13.458	536	13.483	513
13.509	497	13.534	480
13.559	454	13.585	446
13.610	407	13.636	413
13.660	362	13.686	384
13.712	318	13.737	360
13.762	278	13.787	343
13.813	245	13.839	330
13.863	221	13.889	326
13.914	206	13.940	329
13.964	203	13.990	340
14.016	208	14.041	357
14.066	223	14.091	380
14.117	246	14.143	407
14.167	280	14.193	438
14.218	319	14.244	471
14.269	363	14.294	502
14.320	408	14.345	533
14.370	455	14.396	561
14.421	499	14.447	585
14.471	538	14.497	601
14.523	571	14.548	612
14.573	594	14.598	617
14.624	609	14.650	614
14.674	612	14.700	605
14.725	605	14.751	589
14.775	589	14.801	567
14.827	562	14.852	542
14.877	527	14.902	513
14.928	486	14.954	481
14.978	442	15.004	450
15.029	393	15.055	420
15.080	349	15.105	394
15.131	306	15.156	371
15.182	268	15.207	354
15.232	236	15.258	343
15.283	214	15.308	338
15.334	203	15.359	340
15.385	202	15.409	349
15.435	210	15.461	364
15.486	227	15.511	384
15.536	255	15.562	410
15.588	289	15.612	438
15.638	330	15.663	468
15.689	376	15.713	498
15.739	421	15.765	526
15.790	469	15.815	552
15.840	510	15.866	574
15.892	549	15.916	591
15.942	579	15.967	602
15.993	600	16.018	607
16.043	611	16.069	605
16.094	612	16.119	597
16.145	603	16.170	584
16.196	582	16.220	564
16.246	552	16.272	541
16.297	516	16.322	515
16.347	474	16.373	485
16.399	427	16.423	456
16.449	381	16.474	428
16.500	335	16.524	403
16.550	294	16.576	381
16.601	257	16.626	364
16.651	228	16.677	352
16.703	210	16.727	347
16.753	201	16.778	349
16.804	203	16.829	355
16.854	214	16.880	369
16.905	235	16.930	387
16.956	263	16.981	410
17.007	302	17.031	435
17.057	344	17.083	463
17.108	390	17.133	491
17.158	437	17.184	518
17.210	481	17.234	544
17.260	523	17.285	565
17.311	558	17.335	583
17.361	585	17.387	593
17.412	603	17.437	599
17.462	610	17.488	599
17.514	608	17.538	593
17.564	596	17.589	581
17.615	573	17.640	563
17.665	541	17.691	542
17.716	502	17.741	516
17.767	459	17.792	491
17.818	413	17.842	463
17.868	367	17.894	436
17.919	323	17.944	411
17.969	283	17.995	390
18.021	249	18.045	372
18.071	223	18.096	360
18.122	209	18.146	354
18.172	204	18.198	354
18.223	209	18.249	359
18.273	222	18.299	370
18.325	245	18.350	387
18.375	278	18.400	408
18.426	316	18.452	432
18.476	358	18.502	458
18.527	405	18.553	484
18.578	450	18.603	511
18.629	494	18.654	536
18.679	533	18.705	557
18.730	564	18.756	574
18.780	589	18.806	586
18.832	604	18.857	594
18.882	608	18.907	595
18.933	602	18.959	590
18.983	587	19.009	580
19.034	560	19.060	564
19.084	528	19.110	545
19.136	487	19.161	522
19.186	445	19.211	496
19.237	397	19.263	469
19.287	354	19.313	443
19.338	311	19.364	419
19.389	273	19.414	396
19.440	243	19.465	379
19.490	220	19.516	365
19.541	209	19.567	358
19.591	208	19.617	356
19.643	215	19.668	359
19.693	230	19.718	370
19.744	257	19.770	384
19.794	291	19.820	404
19.845	331	19.871	427
19.895	373	19.921	452
19.947	419	19.972	478
19.997	464	20.022	504
20.048	505	20.074	528
20.098	541	20.124	550
20.149	570	20.175	569
20.200	591	20.225	583
20.251	601	20.276	591
20.301	601	20.327	594
20.352	593	20.378	591
20.402	574	20.428	582
20.454	547	20.479	568
20.504	512	20.529	547
20.555	472	20.581	526
20.605	429	20.631	501
20.656	385	20.682	476
20.706	342	20.732	449
20.758	302	20.783	424
20.808	267	20.833	401
20.859	240	20.885	383
20.909	221	20.935	368
20.960	214	20.986	359
21.011	214	21.036	357
21.062	224	21.087	358
21.112	244	21.138	368
21.163	271	21.189	381
21.213	306	21.239	399
21.265	346	21.290	422
21.315	388	21.340	447
21.366	432	21.392	473
21.416	474	21.442	500
21.467	513	21.493	526
21.518	546	21.543	548
21.569	573	21.594	567
21.619	589	21.644	582
21.670	597	21.696	592
21.720	594	21.746	595
21.771	582	21.797	593
21.822	562	21.847	585
21.873	533	21.898	572
21.923	497	21.949	553
21.974	457	22.000	531
22.024	415	22.050	506
22.076	372	22.101	479
22.126	331	22.151	452
22.177	294	22.203	426
22.227	263	22.253	403
22.278	238	22.304	383
22.329	224	22.354	368
22.380	220	22.405	358
22.430	223	22.455	353
22.481	235	22.507	355
22.531	257	22.557	364
22.582	287	22.608	377
22.633	322	22.658	395
22.684	361	22.709	417
22.735	403	22.760	443
22.785	445	22.811	470
22.836	484	22.861	497
22.887	520	22.912	524
22.938	549	22.962	547
22.988	572	23.014	567
23.039	585	23.064	584
23.089	590	23.115	594
23.141	584	23.165	599
23.191	570	23.216	596
23.242	547	23.266	589
23.292	517	23.318	577
23.343	481	23.368	557
23.393	443	23.419	535
23.445	400	23.469	509
23.495	361	23.520	482
23.546	323	23.571	454
23.596	289	23.622	427
23.647	261	23.672	403
23.698	241	23.723	382
23.749	230	23.773	365
23.799	228	23.825	355
23.850	235	23.875	350
23.900	249	23.926	351
23.952	274	23.976	360
24.002	302	24.027	371
24.053	337	24.078	391
24.103	375	24.129	413
24.154	415	24.179	440
24.204	453	24.230	468
24.256	492	24.280	497
24.306	523	24.331	524
24.357	550	24.382	549
24.407	567	24.433	569
24.458	578	24.483	586
24.509	579	24.534	598
24.560	572	24.584	603
24.610	556	24.636	600
24.661	534	24.686	593
24.711	502	24.737	580
24.763	467	24.787	561
24.813	429	24.838	537
24.864	390	24.889	511
24.914	351	24.940	482
24.965	317	24.990	454
25.015	287	25.041	424
25.067	262	25.091	399
25.117	246	25.142	377
25.168	237	25.193	360
25.218	239	25.244	350
25.269	247	25.294	345
25.320	263	25.345	346
25.371	287	25.395	354
25.421	317	25.447	369
25.472	351	25.497	388
25.522	387	25.548	413
25.574	426	25.598	440
25.624	462	25.649	469
25.675	496	25.700	500
25.725	524	25.751	527
25.776	547	25.802	553
25.826	562	25.852	575
25.878	569	25.903	592
25.928	569	25.953	603
25.979	560	26.005	606
26.029	542	26.055	605
26.080	517	26.106	597
26.131	487	26.156	584
26.182	453	26.207	563
26.232	418	26.258	538
26.283	381	26.309	510
26.333	346	26.359	479
26.385	314	26.410	450
26.435	287	26.460	421
26.486	267	26.512	395
26.536	253	26.562	372
26.587	247	26.613	355
26.638	250	26.663	343
26.689	261	26.714	339
26.739	277	26.764	341
26.790	301	26.816	351
26.840	330	26.866	367
26.891	363	26.917	387
26.942	398	26.967	413
26.993	433	27.018	442
27.043	467	27.069	474
27.094	497	27.120	503
27.144	523	27.170	533
27.196	543	27.221	560
27.246	555	27.271	582
27.297	559	27.323	597
27.347	556	27.373	609
27.398	545	27.424	613
27.449	528	27.474	610
27.500	504	27.525	600
27.550	475	27.575	585
27.601	443	27.627	563
27.651	409	27.677	537
27.702	375	27.728	507
27.753	343	27.778	476
27.804	314	27.829	444
27.854	290	27.880	413
27.905	272	27.931	387
27.955	262	27.981	364
28.007	259	28.032	348
28.057	262	28.082	338
28.108	273	28.134	334
28.158	290	28.184	339
28.209	314	28.235	348
28.260	342	28.285	366
28.311	373	28.336	388
28.361	408	28.386	416
28.412	438	28.438	444
28.462	469	28.488	478
28.513	496	28.539	509
28.564	519	28.589	539
28.615	536	28.640	567
28.665	546	28.691	590
28.716	547	28.742	606
28.766	543	28.792	614
28.818	532	28.843	618
28.868	515	28.893	613
28.919	491	28.945	603
28.969	464	28.995	584
29.020	433	29.046	560
29.071	402	29.096	533
29.122	371	29.147	502
29.172	342	29.198	469
29.223	316	29.249	437
29.273	295	29.299	406
29.324	280	29.350	379
29.375	272	29.400	358
29.426	269	29.451	342
29.477	274	29.502	333
29.527	286	29.553	330
29.578	303	29.603	335
29.629	326	29.654	347
29.680	353	29.704	367
29.730	381	29.756	391
29.781	411	29.806	420
29.831	441	29.857	452
29.883	469	29.907	485
29.933	493	29.958	517
29.984	513	30.009	548
30.034	527	30.060	575
30.085	537	30.110	597
30.135	537	30.161	613
30.187	532	30.211	620
30.237	521	30.262	621
30.288	501	30.313	616
30.338	481	30.364	601
30.389	455	30.414	582
30.440	427	30.465	557
30.491	398	30.515	526
30.541	370	30.567	493
30.592	344	30.617	461
30.642	319	30.668	428
30.694	302	30.718	398
30.744	289	30.769	371
30.795	283	30.820	350
30.845	281	30.871	336
30.896	287	30.921	327
30.946	297	30.972	327
30.998	314	31.022	334
31.048	335	31.073	349
31.099	360	31.124	370
31.149	387	31.175	397
31.200	413	31.225	428
31.251	441	31.276	461
31.302	466	31.326	495
31.352	487	31.378	527
31.403	506	31.428	557
31.453	518	31.479	584
31.505	525	31.529	604
31.555	525	31.580	617
31.606	520	31.631	624
31.656	509	31.682	622
31.707	493	31.732	615
31.758	473	31.783	599
31.809	449	31.833	577
31.859	423	31.884	550
31.910	397	31.935	519
31.960	371	31.986	486
32.011	347	32.036	451
32.062	326	32.087	418
32.113	310	32.137	388
32.163	298	32.189	362
32.214	292	32.239	343
32.264	291	32.290	330
32.316	297	32.340	324
32.366	306	32.391	325
32.417	323	32.442	336
32.467	342	32.493	354
32.518	364	32.544	374
32.569	389	32.594	405
32.620	415	32.645	437
32.670	439	32.695	471
32.721	462	32.747	504
32.771	482	32.797	537
32.822	498	32.848	567
32.873	509	32.898	592
32.924	515	32.949	610
32.974	515	33.000	621
33.025	511	33.051	626
33.075	500	33.101	623
33.127	485	33.152	612
33.177	467	33.202	594
33.228	445	33.254	570
33.278	422	33.304	541
33.329	398	33.355	510
33.380	374	33.405	474
33.431	352	33.456	441
33.481	333	33.506	408
33.532	318	33.558	380
33.582	307	33.608	354
33.633	301	33.659	337
33.684	301	33.709	326
33.735	306	33.760	323
33.785	316	33.811	328
33.836	329	33.862	340
33.886	347	33.912	359
33.938	368	33.963	384
33.988	390	34.013	414
34.039	413	34.065	447
34.089	435	34.115	481
34.140	456	34.166	515
34.191	475	34.216	547
34.242	489	34.267	575
34.292	500	34.318	598
34.343	506	34.369	615
34.393	507	34.419	624
34.444	503	34.470	627
34.495	494	34.520	620
34.546	480	34.571	607
34.596	463	34.622	587
34.647	444	34.673	562
34.697	423	34.723	532
34.749	399	34.774	498
34.799	379	34.824	464
34.850	358	34.876	430
34.900	340	34.926	399
34.951	327	34.977	370
35.002	314	35.027	349
35.053	310	35.078	334
35.103	309	35.129	325
35.154	313	35.180	324
35.204	321	35.230	332
35.255	334	35.281	347
35.306	350	35.331	367
35.357	368	35.382	394
35.407	389	35.433	425
35.458	410	35.484	458
35.508	431	35.534	493
35.560	450	35.585	525
35.610	468	35.635	557
35.661	483	35.687	583
35.711	492	35.737	604
35.762	498	35.788	618
35.813	500	35.838	624
35.864	497	35.889	623
35.914	489	35.940	616
35.965	478	35.991	601
36.015	463	36.041	579
36.066	444	36.092	552
36.117	424	36.142	521
36.168	403	36.193	487
36.218	382	36.244	453
36.269	365	36.295	421
36.319	347	36.345	390
36.371	333	36.396	364
36.421	323	36.446	345
36.472	316	36.498	333
36.522	315	36.548	326
36.573	317	36.599	328
36.624	324	36.649	337
36.675	336	36.700	354
36.725	349	36.751	377
36.776	367	36.802	405
36.826	386	36.852	437
36.878	406	36.903	470
36.928	426	36.953	503
36.979	445	37.004	536
37.029	461	37.055	564
37.080	476	37.106	589
37.130	485	37.156	607
37.182	493	37.207	618
37.232	495	37.257	623
37.283	493	37.309	622
37.333	488	37.359	608
37.384	476	37.410	592
37.435	464	37.460	568
37.486	446	37.511	541
37.536	428	37.562	509
37.587	408	37.613	476
37.637	389	37.663	442
37.689	370	37.714	411
37.739	353	37.764	382
37.790	339	37.815	359
37.840	329	37.866	343
37.891	321	37.917	332
37.941	318	37.967	329
37.993	320	38.018	331
38.043	327	38.068	346
38.094	336	38.120	364
38.144	349	38.170	388
38.195	365	38.221	417
38.246	382	38.271	448
38.297	401	38.322	480
38.347	422	38.373	514
38.398	439	38.424	545
38.448	456	38.474	571
38.500	471	38.525	592
38.550	482	38.575	608
38.601	489	38.626	617
38.651	492	38.677	618
38.702	492	38.728	610
38.752	487	38.778	600
38.804	479	38.829	581
38.854	465	38.879	557
38.905	448	38.931	529
38.955	432	38.981	497
39.006	412	39.032	464
39.057	394	39.082	434
39.108	374	39.133	404
39.158	358	39.184	377
39.209	344	39.235	358
39.259	332	39.285	343
39.311	324	39.336	336
39.361	319	39.386	334
39.412	320	39.438	341
39.462	325	39.488	354
39.513	334	39.539	375
39.563	346	39.589	398
39.615	361	39.640	429
39.665	378	39.690	460
39.716	397	39.742	492
39.766	416	39.792	523
39.817	435	39.843	551
39.868	451	39.893	575
39.919	467	39.944	595
39.969	480	39.995	606
40.020	487	40.046	613
40.070	492	40.096	612
40.122	492	40.147	604
40.172	488	40.197	590
40.223	479	40.249	570
40.273	468	40.299	545
40.324	453	40.350	516
40.374	436	40.400	486
40.426	417	40.451	455
40.476	398	40.501	424
40.527	379	40.553	398
40.577	361	40.603	376
40.628	346	40.654	356
40.679	333	40.704	345
40.730	326	40.755	340
40.780	320	40.806	341
40.831	319	40.857	350
40.881	322	40.907	366
40.933	332	40.958	386
40.983	342	41.008	412
41.034	357	41.060	440
41.084	375	41.110	471
41.135	393	41.161	500
41.185	413	41.211	529
41.237	432	41.262	555
41.287	450	41.312	577
41.338	466	41.364	593
41.388	479	41.414	603
41.439	489	41.465	607
41.491	494	41.515	604
41.541	494	41.566	595
41.592	491	41.617	580
41.642	483	41.668	559
41.693	472	41.718	533
41.744	455	41.769	505
41.795	439	41.819	475
41.845	420	41.871	446
41.896	400	41.921	418
41.946	381	41.972	394
41.998	363	42.022	375
42.048	346	42.073	358
42.099	334	42.123	349
42.149	323	42.175	347
42.200	318	42.225	350
42.250	317	42.276	361
42.302	319	42.326	377
42.352	328	42.377	398
42.403	338	42.428	423
42.453	354	42.479	451
42.504	371	42.529	479
42.555	391	42.580	508
42.606	411	42.630	535
42.656	431	42.682	558
42.707	451	42.732	577
42.757	466	42.783	590
42.809	480	42.833	598
42.859	490	42.884	600
42.910	497	42.934	594
42.960	497	42.986	584
43.011	496	43.036	568
43.061	485	43.087	546
43.113	475	43.137	523
43.163	459	43.188	495
43.214	442	43.239	467
43.264	422	43.290	440
43.315	401	43.340	415
43.366	381	43.391	393
43.417	362	43.441	374
43.467	345	43.493	363
43.518	331	43.543	354
43.568	321	43.594	355
43.620	313	43.644	360
43.670	312	43.695	370
43.721	317	43.745	389
43.771	324	43.797	408
43.822	337	43.847	434
43.872	352	43.898	460
43.924	370	43.948	487
43.974	391	43.999	513
44.025	412	44.050	537
44.075	434	44.101	558
44.126	452	44.151	574
44.177	470	44.202	586
44.228	484	44.252	591
44.278	494	44.304	591
44.329	500	44.354	585
44.379	501	44.405	573
44.431	498	44.455	556
44.481	490	44.506	537
44.532	478	44.556	514
44.582	462	44.608	489
44.633	443	44.659	462
44.683	422	44.709	436
44.735	400	44.760	414
44.785	379	44.810	395
44.836	359	44.862	379
44.886	342	44.912	368
44.937	327	44.963	364
44.988	316	45.013	364
45.039	310	45.064	371
45.089	309	45.115	383
45.140	314	45.166	399
45.190	321	45.216	419
45.242	334	45.267	443
45.292	351	45.317	468
45.343	371	45.369	492
45.393	391	45.419	516
45.444	413	45.470	538
45.494	435	45.520	555
45.546	456	45.571	570
45.596	473	45.621	581
45.647	488	45.673	583
45.697	499	45.723	582
45.748	505	45.774	574
45.799	507	45.824	563
45.850	501	45.875	546
45.900	492	45.926	527
45.951	479	45.977	504
46.001	462	46.027	481
46.053	442	46.078	457
46.103	420	46.128	434
46.154	397	46.180	414
46.204	375	46.230	397
46.255	354	46.281	383
46.305	336	46.331	376
46.357	322	46.382	371
46.407	312	46.432	373
46.458	306	46.484	382
46.508	306	46.534	393
46.559	311	46.585	409
46.610	320	46.635	429
46.661	335	46.686	450
46.711	351	46.737	472
46.762	372	46.788	495
46.812	395	46.838	516
46.864	417	46.889	536
46.914	440	46.939	552
46.965	461	46.991	564
47.015	479	47.041	572
47.066	493	47.092	573
47.116	504	47.142	572
47.168	509	47.193	564
47.218	509	47.243	553
47.269	504	47.295	537
47.319	493	47.345	519
47.370	480	47.396	499
47.421	460	47.446	476
47.472	440	47.497	454
47.522	416	47.548	435
47.573	393	47.599	416
47.623	370	47.649	402
47.675	348	47.700	390
47.725	331	47.750	384
47.776	317	47.802	382
47.826	307	47.852	384
47.877	303	47.903	391
47.927	303	47.953	403
47.979	309	48.004	418
48.029	319	48.054	436
48.080	334	48.106	455
48.130	355	48.156	476
48.181	375	48.207	497
48.232	399	48.257	516
48.283	423	48.308	532
48.334	446	48.359	547
48.384	466	48.410	556
48.435	484	48.460	563
48.486	499	48.511	564
48.537	508	48.561	559
48.587	513	48.613	556
48.638	512	48.663	544
48.688	505	48.714	529
48.740	493	48.764	512
48.790	477	48.815	494
48.841	457	48.865	474
48.891	435	48.917	455
48.942	412	48.967	437
48.992	387	49.018	420
49.044	364	49.068	406
49.094	343	49.119	396
49.145	325	49.170	392
49.195	311	49.221	391
49.246	303	49.271	394
49.297	299	49.322	400
49.348	301	49.372	412
49.398	308	49.424	425
49.449	321	49.474	441
49.499	338	49.525	458
49.551	358	49.575	477
49.601	381	49.626	495
49.652	405	49.676	513
49.702	429	49.728	529
49.753	452	49.778	541
49.803	474	49.829	549
49.855	491	49.879	554
49.905	504	49.930	556
49.956	512	49.981	553
50.006	515	50.032	547
50.057	513	50.082	537
50.108	504	50.133	524
50.159	491	50.183	508
50.209	473	50.235	491
50.260	451	50.285	474
50.310	428	50.336	456
50.362	404	50.386	440
50.412	380	50.437	426
50.463	357	50.487	414
50.513	336	50.539	406
50.564	319	50.589	401
50.614	307	50.640	399
50.666	300	50.690	402
50.716	297	50.741	408
50.767	301	50.792	417
50.817	311	50.843	430
50.868	324	50.893	445
50.919	343	50.944	460
50.970	364	50.994	478
51.020	388	51.046	493
51.071	413	51.096	509
51.121	437	51.147	523
51.173	460	51.197	533
51.223	480	51.248	541
51.274	497	51.298	546
51.324	510	51.350	547
51.375	516	51.401	545
51.425	516	51.451	539
51.477	512	51.502	531
51.527	503	51.552	520
51.578	485	51.604	506
51.628	467	51.654	491
51.679	446	51.705	474
51.730	421	51.755	461
51.781	396	51.806	445
51.831	372	51.857	432
51.882	350	51.908	421
51.932	331	51.958	414
51.984	313	52.009	410
52.034	303	52.059	407
52.085	298	52.111	408
52.135	297	52.161	414
52.186	302	52.212	422
52.236	314	52.262	433
52.288	330	52.313	447
52.338	350	52.363	460
52.389	372	52.415	474
52.439	396	52.465	488
52.490	420	52.516	503
52.541	446	52.566	516
52.592	467	52.617	526
52.642	487	52.668	534
52.693	502	52.719	539
52.743	512	52.769	541
52.795	516	52.820	539
52.845	516	52.870	534
52.896	509	52.922	527
52.946	496	52.972	518
52.997	481	53.023	506
53.047	460	53.073	494
53.099	437	53.124	477
53.149	413	53.174	463
53.200	388	53.226	450
53.250	365	53.276	440
53.301	343	53.327	429
53.352	324	53.377	420
53.403	311	53.428	415
53.453	303	53.479	413
53.504	297	53.530	414
53.554	300	53.580	418
53.606	306	53.631	426
53.656	320	53.681	434
53.707	336	53.733	445
53.757	357	53.783	458
53.808	380	53.834	472
53.858	405	53.884	483
53.910	429	53.935	498
53.960	453	53.985	510
54.011	474	54.037	520
54.061	494	54.087	528
54.112	505	54.138	532
54.163	514	54.188	535
54.214	516	54.239	535
54.264	513	54.290	530
54.315	505	54.341	525
54.365	491	54.391	517
54.417	474	54.442	506
54.467	453	54.492	494
54.518	428	54.544	482
54.568	404	54.594	468
54.619	380	54.645	455
54.670	357	54.695	444
54.721	336	54.746	434
54.771	320	54.796	425
54.822	308	54.848	421
54.872	300	54.898	418
54.923	299	54.949	418
54.974	304	54.999	420
55.025	312	55.050	427
55.075	327	55.101	435
55.126	346	55.152	445
55.176	366	55.202	455
55.228	390	55.253	469
55.278	414	55.303	481
55.329	438	55.355	493
55.379	461	55.405	505
55.430	480	55.456	515
55.481	496	55.506	522
55.532	507	55.557	528
55.582	514	55.607	532
55.633	513	55.659	532
55.683	510	55.709	530
55.734	499	55.760	525
55.785	483	55.810	517
55.836	465	55.861	508
55.887	443	55.912	497
55.937	419	55.963	483
55.988	396	56.013	472
56.039	372	56.064	460
56.090	349	56.114	448
56.140	333	56.166	438
56.191	317	56.216	430
56.241	306	56.267	424
56.293	301	56.317	420
56.343	303	56.368	420
56.394	308	56.418	422
56.444	319	56.470	427
56.495	334	56.520	432
56.545	355	56.571	442
56.597	376	56.621	454
56.647	399	56.672	465
56.698	423	56.723	476
56.748	446	56.774	489
56.799	467	56.824	501
56.850	484	56.875	511
56.901	498	56.925	519
56.951	509	56.977	526
57.002	511	57.027	530
57.052	510	57.078	531
57.104	503	57.128	529
57.154	491	57.179	526
57.205	475	57.230	518
57.255	456	57.281	510
57.306	433	57.331	499
57.356	410	57.382	490
57.408	387	57.432	476
57.458	364	57.483	463
57.509	345	57.534	452
57.559	326	57.585	441
57.610	314	57.635	433
57.661	307	57.686	426
57.712	305	57.736	423
57.762	307	57.788	420
57.813	315	57.838	422
57.863	328	57.889	425
57.915	344	57.939	431
57.965	364	57.990	440
58.016	385	58.041	450
58.066	408	58.092	462
58.117	431	58.142	474
58.167	453	58.193	486
58.219	472	58.243	497
58.269	488	58.294	508
58.320	501	58.345	517
58.370	507	58.396	525
58.421	508	58.446	529
58.472	504	58.497	530
58.523	495	58.547	530
58.573	482	58.599	528
58.624	465	58.649	521
58.674	446	58.700	512
58.726	423	58.750	502
58.776	402	58.801	492
58.827	379	58.852	479
58.877	358	58.903	466
58.928	340	58.954	453
58.978	326	59.004	443
59.030	316	59.055	433
59.080	310	59.105	425
59.131	309	59.157	421
59.181	314	59.207	419
59.232	323	59.258	419
59.283	337	59.308	423
59.334	354	59.359	429
59.384	373	59.410	437
59.435	395	59.461	447
59.485	417	59.511	459
59.537	438	59.562	471
59.587	458	59.612	485
59.638	475	59.664	496
59.688	490	59.714	508
59.739	498	59.765	518
59.790	503	59.815	525
59.841	503	59.866	530
59.891	497	59.916	532
59.942	487	59.968	532
59.992	474	60.018	529
60.043	457	60.069	523
60.094	437	60.119	513
60.145	415	60.170	504
60.195	393	60.221	492
60.246	373	60.272	480
60.296	354	60.322	467
60.348	338	60.373	455
60.398	326	60.423	443
60.449	317	60.475	431
60.499	314	60.525	425
60.550	315	60.576	419
60.601	321	60.626	417
60.652	332	60.677	417
60.702	347	60.727	421
60.753	364	60.779	427
60.803	383	60.829	435
60.854	404	60.880	446
60.905	425	60.930	458
60.956	444	60.981	471
61.006	462	61.032	484
61.057	475	61.083	497
61.107	488	61.133	508
61.159	495	61.184	519
61.209	498	61.234	527
61.260	495	61.286	533
61.310	489	61.336	535
61.361	477	61.387	535
61.412	463	61.437	531
61.463	446	61.488	525
61.513	427	61.538	517
61.564	408	61.590	505
61.614	387	61.640	492
61.665	368	61.691	482
61.716	349	61.741	467
61.767	337	61.792	453
61.817	328	61.843	441
61.868	322	61.894	431
61.918	319	61.944	422
61.970	323	61.995	417
62.020	329	62.045	415
62.071	342	62.097	417
62.121	356	62.147	418
62.172	373	62.198	425
62.223	391	62.248	434
62.274	411	62.299	445
62.324	431	62.350	457
62.375	448	62.401	472
62.425	464	62.451	485
62.476	477	62.502	498
62.527	486	62.552	512
62.578	491	62.603	522
62.629	492	62.654	530
62.679	488	62.705	536
62.730	480	62.755	537
62.781	469	62.806	537
62.832	452	62.856	533
62.882	437	62.908	526
62.933	420	62.958	517
62.983	400	63.009	505
63.035	382	63.059	492
63.085	365	63.110	478
63.136	350	63.161	464
63.186	338	63.212	450
63.237	331	63.262	439
63.287	326	63.313	429
63.339	327	63.363	420
63.389	331	63.414	414
63.440	339	63.465	412
63.490	350	63.516	413
63.541	365	63.566	417
63.592	381	63.617	425
63.643	399	63.667	433
63.693	418	63.719	446
63.744	435	63.769	460
63.794	451	63.820	474
63.846	464	63.870	487
63.896	475	63.921	502
63.947	482	63.972	514
63.997	486	64.023	525
64.048	484	64.073	533
64.098	480	64.124	538
64.150	471	64.174	540
64.200	460	64.225	538
64.251	446	64.276	534
64.301	430	64.327	527
64.352	412	64.377	515
64.403	394	64.428	504
64.454	378	64.478	490
64.504	363	64.530	476
64.555	350	64.580	461
64.605	342	64.631	446
64.657	335	64.681	436
64.707	332	64.732	423
64.758	334	64.783	416
64.808	339	64.834	411
64.859	348	64.884	410
64.910	359	64.935	411
64.961	373	64.985	416
65.011	389	65.036	424
65.062	405	65.087	436
65.112	422	65.138	448
65.163	437	65.188	462
65.214	452	65.239	477
65.265	463	65.289	493
65.315	472	65.341	504
65.366	477	65.391	519
65.416	479	65.442	529
65.468	478	65.492	536
65.518	471	65.543	541
65.569	462	65.594	542
65.619	451	65.645	540
65.670	440	65.696	535
65.721	423	65.746	525
65.772	406	65.797	515
65.822	391	65.847	500
65.873	377	65.899	487
65.923	363	65.949	471
65.974	353	66.000	457
66.025	345	66.050	441
66.076	340	66.101	430
66.126	339	66.152	420
66.177	342	66.203	412
66.227	347	66.253	409
66.279	355	66.304	407
66.329	367	66.354	411
66.380	382	66.406	416
66.430	395	66.456	427
66.481	410	66.507	437
66.532	425	66.557	451
66.583	439	66.608	465
66.633	451	66.658	482
66.684	461	66.710	497
66.734	468	66.760	511
66.785	471	66.811	522
66.836	472	66.861	533
66.887	469	66.912	539
66.937	463	66.963	544
66.988	454	67.014	543
67.038	444	67.064	540
67.090	431	67.115	533
67.140	418	67.165	524
67.191	403	67.217	511
67.241	389	67.267	497
67.292	377	67.318	481
67.343	366	67.368	467
67.394	356	67.419	453
67.444	350	67.470	438
67.495	345	67.521	426
67.545	347	67.571	416
67.596	349	67.622	410
67.647	356	67.672	407
67.698	364	67.723	407
67.748	374	67.774	409
67.799	386	67.825	417
67.849	399	67.875	429
67.901	414	67.926	442
67.951	426	67.976	456
68.002	438	68.028	471
68.052	448	68.078	486
68.103	457	68.129	502
68.154	464	68.179	516
68.205	465	68.230	528
68.255	465	68.281	536
68.306	462	68.332	542
68.356	456	68.382	545
68.407	448	68.433	544
68.458	438	68.483	539
68.509	425	68.534	531
68.559	414	68.585	520
68.610	401	68.636	507
68.660	389	68.686	492
68.712	378	68.737	477
68.762	367	68.787	461
68.813	361	68.839	446
68.863	355	68.889	433
68.914	353	68.940	421
68.965	351	68.990	413
69.016	356	69.041	408
69.066	362	69.092	406
69.117	370	69.143	407
69.167	380	69.193	413
69.218	391	69.244	420
69.269	402	69.294	432
69.320	414	69.345	446
69.370	426	69.396	461
69.421	436	69.447	476
69.471	445	69.497	493
69.523	452	69.548	507
69.573	457	69.598	520
69.624	459	69.650	532
69.674	460	69.700	539
69.725	455	69.751	544
69.776	450	69.801	545
69.827	442	69.852	543
69.877	433	69.903	537
69.928	423	69.954	528
69.978	412	70.004	517
70.030	401	70.055	502
70.080	391	70.105	486
70.131	381	70.156	471
70.181	372	70.207	455
70.232	366	70.258	441
70.282	362	70.308	428
70.334	359	70.359	418
70.384	359	70.409	411
70.435	364	70.461	406
70.485	368	70.511	406
70.536	375	70.562	409
70.587	383	70.612	416
70.638	394	70.663	424
70.688	403	70.714	438
70.739	414	70.765	452
70.789	425	70.815	467
70.841	434	70.866	483
70.891	441	70.916	498
70.942	447	70.967	511
70.992	451	71.018	525
71.043	454	71.069	534
71.093	452	71.119	541
71.145	449	71.170	544
71.195	445	71.220	542
71.246	438	71.272	540
71.296	430	71.322	533
71.347	421	71.373	523
71.398	412	71.423	511
71.449	401	71.474	496
71.499	390	71.525	480
71.550	384	71.576	465
71.600	376	71.626	450
71.652	371	71.677	436
71.702	368	71.727	424
71.753	365	71.778	416
71.803	365	71.829	409
71.854	368	71.880	406
71.904	373	71.930	408
71.956	379	71.981	413
72.006	386	72.031	419
72.057	396	72.083	430
72.107	404	72.133	444
72.158	414	72.184	458
72.209	422	72.234	473
72.260	429	72.285	489
72.310	437	72.336	504
72.361	442	72.387	518
72.411	446	72.437	528
72.463	448	72.488	536
72.513	447	72.538	541
72.564	446	72.590	542
72.614	441	72.640	542
72.665	435	72.691	536
72.715	428	72.741	528
72.767	420	72.792	517
72.817	412	72.842	504
72.868	403	72.894	489
72.918	396	72.944	473
72.969	388	72.995	459
73.020	380	73.045	445
73.071	375	73.096	432
73.121	372	73.147	421
73.172	370	73.198	414
73.222	370	73.248	409
73.274	372	73.299	409
73.324	376	73.349	408
73.375	382	73.401	416
73.425	388	73.451	426
73.476	395	73.502	438
73.526	403	73.552	450
73.578	410	73.603	464
73.628	419	73.653	479
73.679	425	73.705	495
73.729	432	73.755	507
73.780	437	73.806	520
73.831	441	73.856	531
73.882	444	73.907	537
73.932	443	73.958	541
73.983	442	74.009	541
74.033	438	74.059	538
74.085	434	74.110	534
74.135	430	74.160	522
74.186	422	74.212	511
74.236	414	74.262	499
74.287	406	74.313	483
74.337	398	74.363	468
74.389	392	74.414	454
74.439	385	74.464	442
74.490	380	74.516	430
74.540	375	74.566	420
74.591	374	74.617	414
74.643	373	74.667	411
74.693	375	74.718	411
74.744	377	74.769	415
74.794	382	74.820	422
74.845	388	74.870	431
74.896	395	74.921	443
74.947	401	74.971	457
74.997	408	75.023	471
75.048	416	75.073	484
75.098	422	75.124	500
75.150	429	75.174	511
75.200	434	75.225	523
75.251	437	75.275	531
75.301	440	75.327	537
75.352	441	75.377	540
75.402	439	75.428	537
75.454	436	75.478	533
75.504	433	75.529	526
75.555	428	75.580	515
75.605	422	75.631	504
75.656	415	75.681	491
75.707	408	75.732	478
75.758	401	75.782	463
75.808	394	75.834	450
75.859	389	75.884	437
75.909	384	75.935	428
75.961	379	75.985	420
76.011	378	76.036	415
76.062	376	76.086	413
76.112	377	76.138	416
76.163	379	76.188	420
76.213	383	76.239	428
76.265	388	76.289	437
76.315	393	76.340	450
76.366	400	76.391	463
76.416	406	76.442	477
76.467	413	76.492	492
76.518	419	76.543	503
76.569	426	76.593	514
76.619	431	76.645	524
76.670	435	76.695	528
76.720	437	76.746	532
76.772	438	76.796	534
76.822	439	76.847	532
76.873	437	76.897	528
76.923	433	76.949	519
76.974	428	76.999	509
77.024	423	77.050	497
77.076	417	77.100	485
77.126	411	77.151	472
77.177	404	77.202	459
77.227	397	77.253	446
77.278	391	77.303	435
77.329	386	77.354	428
77.380	382	77.404	421
77.430	379	77.456	419
77.481	378	77.506	418
77.531	377	77.557	421
77.583	378	77.607	427
77.633	381	77.658	435
77.684	386	77.708	445
77.734	391	77.760	456
77.785	398	77.811	469
77.835	403	77.861	482
77.887	411	77.912	494
77.937	419	77.962	505
77.988	424	78.014	517
78.038	427	78.064	523
78.089	434	78.115	529
78.140	437	78.165	531
78.191	438	78.216	530
78.241	438	78.267	527
78.292	437	78.318	521
78.342	434	78.368	512
78.394	430	78.419	503
78.444	425	78.469	491
78.495	419	78.521	479
78.545	413	78.571	466
78.596	406	78.622	455
78.646	399	78.672	444
78.698	393	78.723	436
78.748	387	78.773	428
78.799	381	78.825	423
78.849	379	78.875	423
78.900	378	78.926	423
78.951	377	78.976	427
79.002	378	79.027	433
79.052	381	79.078	442
79.103	385	79.129	451
79.153	390	79.179	463
79.205	396	79.230	474
79.255	402	79.280	485
79.306	409	79.332	497
79.356	416	79.382	507
79.407	423	79.433	516
79.457	428	79.483	522
79.509	433	79.534	525
79.559	437	79.584	526
79.610	438	79.636	525
79.660	440	79.686	521
79.711	438	79.737	515
79.762	436	79.787	506
79.813	432	79.838	497
79.863	427	79.889	486
79.914	420	79.940	474
79.964	414	79.990	463
80.016	407	80.041	451
80.066	400	80.091	443
80.117	394	80.143	435
80.167	389	80.193	431
80.218	383	80.244	427
80.268	378	80.294	426
80.320	377	80.345	429
80.370	376	80.395	432
80.421	376	80.447	440
80.471	380	80.497	448
80.522	383	80.548	458
80.573	389	80.598	468
80.624	394	80.649	478
80.674	401	80.700	489
80.725	408	80.751	498
80.775	415	80.801	507
80.827	423	80.852	514
80.877	428	80.902	519
80.928	433	80.954	521
80.978	439	81.004	521
81.029	438	81.055	519
81.079	441	81.105	514
81.131	440	81.156	509
81.181	437	81.206	500
81.232	433	81.258	491
81.282	428	81.308	481
81.333	422	81.359	470
81.384	415	81.409	461
81.435	408	81.460	452
81.486	400	81.511	444
81.536	393	81.562	438
81.587	387	81.612	434
81.638	382	81.663	432
81.689	377	81.713	432
81.739	376	81.765	435
81.790	376	81.815	439
81.840	376	81.866	446
81.892	380	81.916	454
81.942	382	81.967	463
81.993	388	82.017	472
82.043	395	82.069	481
82.094	402	82.119	490
82.144	408	82.170	498
82.196	416	82.220	506
82.246	422	82.271	511
82.297	430	82.322	514
82.347	434	82.373	516
82.398	439	82.423	515
82.449	442	82.474	513
82.500	441	82.524	508
82.550	441	82.576	502
82.601	438	82.626	495
82.651	434	82.677	486
82.703	428	82.727	477
82.753	422	82.778	468
82.804	414	82.828	460
82.854	407	82.880	453
82.905	400	82.930	445
82.955	393	82.981	441
83.007	386	83.031	439
83.057	381	83.082	436
83.108	377	83.133	438
83.158	375	83.184	441
83.209	373	83.234	446
83.260	374	83.285	452
83.311	378	83.335	459
83.361	383	83.387	466
83.412	387	83.437	475
83.462	395	83.488	483
83.514	402	83.538	490
83.564	409	83.589	497
83.615	418	83.639	503
83.665	425	83.691	507
83.716	431	83.741	509
83.766	437	83.792	510
83.818	440	83.842	509
83.868	443	83.893	507
83.919	443	83.944	502
83.969	442	83.995	498
84.020	438	84.045	489
84.071	434	84.096	484
84.122	428	84.146	475
84.172	421	84.198	467
84.223	414	84.248	460
84.273	405	84.299	454
84.325	397	84.349	450
84.375	390	84.400	445
84.426	384	84.450	443
84.476	379	84.502	442
84.527	375	84.553	444
84.577	373	84.603	448
84.629	373	84.654	451
84.679	375	84.704	455
84.730	378	84.756	463
84.780	383	84.806	469
84.831	389	84.857	477
84.882	396	84.907	483
84.933	404	84.958	489
84.983	411	85.009	496
85.034	420	85.060	499
85.084	427	85.110	503
85.136	434	85.161	504
85.186	439	85.211	504
85.237	442	85.263	501
85.287	444	85.313	501
85.338	444	85.364	497
85.388	442	85.414	492
85.440	438	85.465	486
85.490	433	85.515	480
85.541	427	85.567	473
85.591	419	85.617	468
85.642	411	85.668	461
85.693	404	85.718	457
85.744	395	85.769	454
85.794	388	85.820	450
85.845	382	85.871	449
85.895	377	85.921	448
85.947	374	85.972	450
85.997	372	86.022	454
86.048	373	86.074	456
86.098	376	86.124	461
86.149	379	86.175	466
86.199	385	86.225	471
86.251	391	86.276	478
86.301	398	86.326	482
86.352	406	86.378	487
86.402	414	86.428	492
86.453	422	86.479	495
86.504	429	86.529	498
86.555	436	86.580	499
86.605	440	86.631	500
86.656	443	86.682	497
86.706	446	86.732	496
86.758	444	86.783	492
86.808	441	86.833	488
86.859	436	86.885	485
86.909	431	86.935	479
86.960	424	86.986	474
87.010	414	87.036	469
87.062	408	87.087	465
87.112	402	87.137	461
87.163	392	87.189	458
87.213	386	87.239	455
87.264	380	87.290	454
87.315	375	87.340	455
87.366	374	87.391	455
87.416	372	87.442	457
87.467	374	87.493	460
87.517	376	87.543	463
87.569	381	87.594	468
87.619	387	87.644	472
87.670	394	87.696	476
87.720	401	87.746	481
87.771	410	87.797	484
87.822	418	87.847	488
87.873	425	87.898	491
87.923	434	87.948	493
87.974	438	88.000	494
88.024	442	88.050	493
88.075	445	88.101	493
88.126	446	88.151	492
88.177	444	88.202	490
88.227	440	88.253	485
88.278	435	88.304	483
88.328	428	88.354	478
88.380	421	88.405	475
88.430	414	88.455	470
88.481	405	88.507	466
88.531	397	88.557	464
88.582	390	88.608	462
88.633	383	88.658	461
88.684	378	88.709	460
88.734	374	88.759	459
88.785	373	88.811	460
88.835	373	88.861	461
88.886	374	88.912	463
88.937	379	88.962	466
88.988	383	89.013	469
89.039	390	89.064	472
89.089	398	89.115	475
89.140	405	89.165	478
89.191	413	89.216	482
89.242	421	89.266	484
89.292	429	89.318	487
89.343	435	89.368	486
89.393	440	89.419	489
89.445	444	89.469	489
89.495	445	89.520	489
89.546	444	89.570	488
89.596	442	89.622	485
89.647	437	89.672	484
89.697	432	89.723	482
89.749	426	89.773	479
89.799	417	89.824	475
89.850	410	89.875	472
89.900	401	89.926	471
89.951	394	89.976	465
90.002	387	90.027	466
90.053	382	90.077	465
90.103	377	90.129	464
90.154	375	90.179	463
90.204	373	90.230	463
90.256	373	90.280	464
90.306	377	90.331	465
90.357	382	90.382	468
90.407	387	90.433	469
90.458	394	90.483	472
90.508	402	90.534	475
90.560	410	90.584	477
90.610	417	90.635	477
90.661	425	90.686	481
90.711	431	90.737	482
90.762	436	90.787	485
90.813	441	90.838	485
90.864	442	90.888	486
90.914	443	90.940	486
90.965	440	90.990	485
91.015	439	91.041	484
91.067	434	91.091	483
91.117	428	91.142	481
91.168	421	91.193	480
91.218	414	91.244	477
91.269	405	91.294	475
91.319	398	91.345	473
91.371	390	91.395	471
91.421	385	91.446	470
91.472	378	91.497	468
91.522	376	91.548	467
91.573	374	91.598	468
91.624	375	91.649	466
91.675	376	91.699	467
91.725	380	91.751	468
91.776	385	91.801	468
91.826	391	91.852	469
91.878	398	91.902	471
91.928	406	91.953	473
91.979	414	92.004	475
92.029	421	92.055	476
92.080	428	92.106	478
92.130	434	92.156	479
92.182	438	92.207	481
92.232	439	92.257	482
92.283	442	92.309	483
92.333	442	92.359	483
92.384	439	92.410	484
92.435	435	92.460	483
92.486	430	92.511	481
92.536	424	92.562	481
92.587	416	92.613	480
92.637	409	92.663	479
92.689	401	92.714	476
92.739	395	92.764	475
92.790	388	92.816	474
92.840	382	92.866	471
92.891	379	92.917	470
92.942	376	92.967	470
92.993	375	93.018	467
93.043	378	93.068	468
93.094	379	93.120	468
93.144	384	93.170	468
93.195	389	93.221	469
93.246	396	93.271	469
93.297	402	93.322	470
93.347	410	93.373	474
93.398	418	93.424	474
93.448	424	93.474	475
93.500	431	93.525	476
93.550	436	93.575	477
93.601	440	93.627	479
93.651	440	93.677	480
93.702	441	93.728	481
93.753	439	93.778	482
93.804	436	93.829	482
93.854	432	93.879	482
93.905	426	93.931	481
93.955	419	93.981	481
94.006	412	94.032	480
94.057	404	94.082	478
94.108	399	94.133	477
94.158	391	94.184	476
94.209	387	94.235	474
94.259	381	94.285	473
94.311	379	94.336	472
94.361	378	94.386	471
94.412	379	94.438	469
94.462	380	94.488	470
94.513	383	94.539	469
94.564	388	94.589	468
94.615	394	94.640	470
94.665	400	94.690	469
94.716	408	94.742	471
94.766	415	94.792	472
94.817	422	94.843	474
94.868	427	94.893	474
94.919	433	94.944	476
94.969	437	94.995	478
95.020	439	95.046	479
95.070	437	95.096	480
95.122	438	95.147	481
95.172	436	95.197	480
95.223	432	95.249	481
95.273	427	95.299	481
95.324	421	95.350	481
95.375	414	95.400	480
95.426	408	95.451	480
95.476	400	95.502	478
95.527	393	95.553	479
95.577	389	95.603	476
95.628	384	95.654	474
95.679	381	95.704	473
95.730	379	95.755	472
95.781	378	95.806	470
95.831	380	95.857	471
95.882	383	95.907	467
95.933	387	95.958	469
95.984	392	96.008	469
96.034	399	96.060	469
96.085	405	96.110	469
96.135	412	96.161	471
96.187	418	96.211	472
96.237	425	96.262	473
96.288	430	96.313	476
96.338	434	96.364	476
96.389	436	96.414	478
96.439	437	96.465	480
96.491	437	96.515	480
96.541	436	96.566	480
96.592	433	96.617	481
96.642	428	96.668	483
96.693	422	96.718	481
96.744	416	96.769	481
96.795	410	96.819	480
96.845	404	96.871	479
96.896	396	96.921	479
96.946	392	96.972	477
96.998	387	97.022	476
97.048	383	97.073	474
97.099	381	97.124	472
97.149	382	97.175	471
97.200	381	97.225	470
97.250	383	97.276	470
97.302	387	97.326	468
97.352	390	97.377	469
97.403	397	97.428	468
97.453	402	97.479	470
97.504	409	97.529	471
97.555	416	97.580	471
97.606	422	97.630	472
97.656	428	97.682	474
97.707	432	97.732	476
97.757	435	97.783	476
97.809	437	97.833	478
97.859	436	97.884	479
97.910	435	97.935	480
97.960	433	97.986	481
98.011	429	98.036	481
98.062	423	98.087	481
98.113	419	98.137	481
98.163	411	98.188	480
98.214	405	98.239	480
98.264	399	98.290	478
98.315	394	98.340	477
98.366	390	98.391	476
98.417	385	98.441	475
98.467	383	98.493	474
98.518	382	98.543	473
98.568	382	98.594	471
98.620	384	98.644	471
98.670	386	98.695	469
98.721	391	98.746	469
98.771	396	98.797	469
98.822	401	98.848	469
98.873	407	98.898	470
98.924	415	98.949	471
98.974	419	98.999	472
99.025	424	99.051	474
99.075	429	99.101	474
99.126	431	99.152	476
99.177	435	99.202	475
99.228	434	99.253	479
99.278	435	99.304	479
99.329	432	99.355	481
99.379	429	99.405	479
99.431	425	99.456	481
99.481	420	99.506	481
99.532	415	99.558	480
99.582	408	99.608	479
99.633	402	99.659	480
99.684	397	99.709	477
99.735	392	99.760	477
99.785	389	99.810	475
99.836	385	99.862	474
99.886	384	99.912	473
99.937	383	99.963	472
99.988	385	100.013	470
100.039	386	100.064	472
100.089	391	100.115	469
100.140	394	100.166	469
100.190	400	100.216	470
100.242	405	100.267	470
100.292	411	100.317	471
100.343	416	100.369	472
100.393	422	100.419	473
100.444	427	100.470	475
100.495	430	100.520	476
100.546	431	100.571	477
100.596	434	100.622	478
100.647	432	100.673	479
100.697	432	100.723	481
100.748	430	100.774	480
100.799	426	100.824	481
100.850	421	100.875	480
100.900	416	100.926	482
100.951	411	100.977	480
101.001	405	101.027	479
101.053	399	101.078	478
101.103	396	101.128	477
101.154	390	101.180	476
101.204	390	101.230	475
101.255	386	101.281	474
101.306	385	101.331	472
101.357	385	101.382	471
101.407	387	101.433	470
101.458	391	101.484	469
101.508	394	101.534	470
101.559	399	101.585	470
101.610	404	101.635	470
101.661	409	101.686	471
101.711	414	101.737	472
101.762	418	101.788	473
101.812	424	101.838	474
101.864	428	101.889	475
101.914	430	101.939	476
101.965	434	101.991	477
102.015	432	102.041	478
102.066	431	102.092	479
102.117	429	102.142	479
102.168	426	102.193	480
102.218	423	102.244	480
102.269	418	102.295	480
102.319	412	102.345	480
102.370	407	102.396	479
102.421	402	102.446	478
102.472	397	102.497	477
102.522	393	102.548	476
102.573	390	102.599	475
102.623	387	102.649	474
102.675	386	102.700	472
102.725	388	102.750	472
102.776	389	102.802	473
102.826	390	102.852	471
102.877	394	102.903	470
102.928	398	102.953	470
102.979	402	103.004	471
103.029	408	103.055	470
103.080	413	103.106	472
103.130	417	103.156	473
103.182	421	103.207	473
103.232	425	103.257	474
103.283	428	103.308	475
103.333	430	103.359	476
103.384	433	103.410	476
103.434	430	103.460	478
103.486	428	103.511	479
103.536	426	103.561	480
103.587	423	103.613	479
103.637	420	103.663	480
103.688	414	103.714	479
103.739	410	103.764	479
103.790	404	103.815	479
103.840	400	103.866	476
103.891	396	103.917	477
103.941	392	103.967	475
103.993	390	104.018	473
104.043	388	104.068	473
104.094	388	104.119	472
104.144	389	104.170	472
104.195	390	104.221	471
104.245	394	104.271	471
104.297	396	104.322	471
104.347	401	104.372	471
104.398	406	104.424	472
104.448	410	104.474	473
104.499	416	104.525	472
104.550	420	104.575	473
104.601	423	104.626	474
104.651	426	104.677	477
104.702	429	104.728	476
104.752	430	104.778	477
104.804	429	104.829	478
104.854	428	104.879	479
104.905	426	104.930	479
104.955	423	104.981	479
105.006	419	105.032	479
105.056	415	105.082	480
105.108	410	105.133	478
105.158	406	105.183	478
105.209	402	105.235	477
105.259	398	105.285	476
105.310	394	105.336	475
105.361	392	105.386	474
105.412	390	105.437	476
105.462	389	105.488	472
105.513	389	105.539	472
105.563	392	105.589	472
105.615	394	105.640	471
105.665	399	105.690	471
105.716	401	105.742	472
105.766	404	105.792	473
105.817	409	105.843	473
105.867	413	105.893	473
105.919	417	105.944	475
105.969	422	105.994	474
106.020	424	106.046	475
106.070	427	106.096	477
106.121	428	106.147	478
106.172	429	106.197	477
106.223	428	106.248	478
106.273	426	106.299	479
106.324	423	106.350	478
106.374	420	106.400	479
106.426	416	106.451	478
106.476	412	106.501	478
106.527	407	106.553	477
106.577	403	106.603	477
106.628	400	106.654	475
106.678	396	106.704	475
106.730	393	106.755	476
106.780	392	106.805	474
106.831	391	106.857	475
106.881	391	106.907	473
106.932	392	106.958	473
106.983	394	107.008	472
107.034	396	107.059	472
107.084	400	107.110	472
107.135	403	107.161	474
107.185	408	107.211	474
107.237	413	107.262	474
107.287	416	107.312	474
107.338	420	107.364	475
107.388	423	107.414	476
107.439	425	107.465	476
107.489	426	107.515	476
107.541	428	107.566	476
107.591	427	107.616	477
107.642	426	107.668	478
107.692	423	107.718	478
107.743	419	107.769	478
107.794	417	107.819	478
107.845	413	107.870	477
107.895	408	107.921	477
107.946	405	107.972	475
107.996	401	108.022	476
108.048	397	108.073	476
108.098	396	108.123	475
108.149	392	108.175	474
108.199	392	108.225	474
108.250	392	108.276	473
108.300	392	108.326	473
108.352	395	108.377	473
108.403	398	108.427	472
108.453	399	108.479	473
108.504	403	108.529	473
108.554	407	108.580	473
108.606	411	108.630	474
108.656	415	108.681	474
108.707	418	108.732	474
108.757	421	108.783	476
108.808	424	108.833	476
108.859	425	108.884	476
108.910	427	108.934	476
108.960	426	108.986	477
109.011	425	109.036	477
109.061	423	109.087	477
109.113	421	109.137	477
109.163	418	109.188	477
109.214	414	109.238	477
109.264	410	109.290	475
109.315	407	109.340	476
109.365	402	109.391	475
109.417	400	109.441	475
109.467	396	109.492	474
109.518	395	109.543	474
109.568	393	109.594	474
109.619	393	109.644	474
109.670	393	109.695	473
109.721	394	109.745	473
109.771	396	109.797	474
109.822	399	109.847	473
109.872	403	109.898	473
109.924	406	109.948	474
109.974	408	109.999	475
110.025	413	110.049	474
110.075	417	110.101	475
110.126	420	110.151	475
110.176	422	110.202	476
110.228	424	110.252	476
110.278	425	110.303	476
110.329	427	110.354	476
110.379	425	110.405	476
110.430	423	110.455	477
110.481	421	110.506	477
110.532	419	110.556	477
110.582	415	110.608	477
110.633	411	110.658	476
110.683	407	110.709	475
110.735	404	110.759	475
110.785	401	110.810	475
110.836	398	110.860	475
110.886	396	110.912	475
110.937	394	110.962	474
110.987	393	111.013	474
111.039	394	111.063	474
111.089	394	111.114	474
111.140	398	111.165	474
111.190	399	111.216	473
111.241	402	111.266	474
111.292	405	111.317	476
111.343	409	111.368	474
111.393	412	111.419	475
111.444	415	111.470	475
111.494	419	111.520	475
111.546	421	111.571	474
111.596	422	111.621	475
111.647	425	111.673	476
111.697	423	111.723	476
111.748	424	111.774	477
111.798	423	111.824	476
111.850	421	111.875	476
111.900	419	111.925	477
111.951	415	111.977	476
112.001	413	112.027	475
112.052	410	112.078	476
112.103	405	112.128	476
112.154	404	112.179	475
112.204	400	112.230	475
112.255	398	112.281	475
112.305	396	112.331	475
112.357	395	112.382	474
112.407	395	112.432	475
112.458	395	112.484	474
112.508	396	112.534	474
112.559	399	112.585	475
112.609	400	112.635	474
112.661	405	112.686	474
112.711	407	112.736	475
112.762	411	112.788	474
112.812	415	112.838	475
112.863	419	112.889	475
112.914	420	112.939	475
112.965	421	112.990	476
113.015	423	113.041	476
113.066	424	113.092	475
113.116	424	113.142	476
113.168	423	113.193	476
113.218	421	113.243	477
113.269	419	113.295	477
113.319	416	113.345	475
113.370	413	113.396	476
113.420	410	113.446	476
113.472	407	113.497	476
113.522	404	113.547	476
113.573	402	113.599	475
113.623	398	113.649	476
113.674	397	113.700	474
113.725	395	113.750	476
113.776	396	113.801	475
113.826	396	113.852	475
113.877	397	113.903	474
113.927	399	113.953	475
113.979	402	114.004	474
114.029	404	114.054	475
114.080	407	114.106	475
114.130	410	114.156	474
114.181	414	114.207	475
114.231	416	114.257	475
114.283	418	114.308	475
114.333	419	114.358	476
114.384	421	114.410	475
114.434	423	114.460	475
114.485	424	114.511	476
114.536	422	114.561	476
114.587	421	114.612	477
114.638	419	114.663	476
114.688	416	114.714	476
114.739	414	114.764	475
114.790	411	114.815	475
114.841	407	114.865	475
114.891	404	114.917	475
114.942	401	114.967	474
114.992	400	115.018	475
115.044	397	115.068	474
115.094	398	115.119	475
115.145	396	115.169	475
115.195	396	115.221	474
115.246	397	115.271	474
115.296	399	115.322	475
115.348	401	115.372	475
115.398	403	115.423	475
115.449	407	115.474	475
115.499	409	115.525	477
115.550	413	115.575	475
115.601	415	115.626	475
115.652	418	115.676	475
115.702	419	115.728	475
115.753	421	115.778	475
115.803	422	115.829	475
115.855	423	115.879	476
115.905	422	115.930	476
115.956	421	115.980	476
116.006	419	116.032	476
116.057	417	116.082	476
116.107	415	116.133	476
116.159	411	116.183	475
116.209	408	116.234	475
116.260	405	116.285	475
116.310	403	116.336	475
116.361	401	116.386	475
116.412	399	116.437	475
116.463	398	116.487	475
116.513	397	116.539	475
116.564	397	116.589	475
116.614	398	116.640	474
116.666	399	116.690	474
116.716	401	116.741	475
116.767	403	116.791	474
116.817	405	116.843	474
116.868	410	116.893	475
116.918	412	116.944	475
116.970	414	116.994	475
117.020	417	117.045	475
117.071	419	117.096	476
117.121	420	117.147	476
117.172	422	117.197	475
117.223	422	117.248	476
117.274	421	117.298	475
117.324	420	117.350	475
117.375	420	117.400	475
117.425	417	117.451	475
117.477	415	117.501	475
117.527	413	117.552	475
117.578	409	117.602	475
117.628	407	117.654	475
117.679	403	117.705	476
117.729	402	117.755	475
117.781	400	117.806	475
117.831	399	117.856	474
117.882	398	117.908	475
117.932	398	117.958	474
117.983	398	118.009	475
118.034	400	118.059	475
118.085	401	118.110	475
118.135	403	118.161	475
118.186	406	118.212	475
118.236	408	118.262	474
118.288	411	118.313	475
118.338	413	118.363	476
118.389	416	118.415	475
118.439	417	118.465	475
118.490	419	118.516	475
118.540	421	118.566	475
118.592	421	118.617	475
118.642	421	118.667	475
118.693	420	118.719	476
118.743	419	118.769	475
118.794	417	118.820	475
118.845	415	118.870	475
118.896	412	118.921	475
118.946	411	118.972	475
118.997	408	119.023	475
119.047	405	119.073	475
119.099	402	119.124	475
119.149	401	119.174	475
119.200	400	119.226	476
119.250	399	119.276	475
119.301	398	119.327	475
119.351	399	119.377	476
119.403	400	119.428	475
119.453	401	119.478	474
119.504	403	119.530	474
119.554	406	119.580	475
119.605	408	119.631	475
119.656	410	119.681	475
119.707	413	119.732	474
119.757	414	119.783	475
119.808	419	119.834	475
119.858	418	119.884	475
119.910	419	119.935	475
119.960	421	119.985	476
120.011	421	120.037	476
120.061	419	120.087	475
120.112	419	120.138	475
120.162	418	120.188	475
120.214	416	120.239	475
120.264	412	120.289	475
120.315	411	120.341	475
120.365	409	120.391	475
120.416	406	120.442	475
120.467	405	120.492	475
120.518	402	120.543	475
120.568	400	120.594	474
120.619	400	120.645	475
120.669	399	120.695	474
120.721	400	120.746	475
120.771	400	120.796	474
120.822	402	120.848	475
120.872	403	120.898	474
120.923	405	120.949	475
120.974	408	120.999	476
121.025	410	121.050	475
121.075	413	121.100	475
121.126	416	121.152	475
121.176	416	121.202	475
121.227	418	121.253	475
121.278	420	121.303	475
121.329	420	121.354	475
121.379	420	121.405	475
121.430	419	121.456	474
121.480	418	121.506	475
121.532	417	121.557	474
121.582	415	121.607	474
121.633	413	121.659	475
121.683	411	121.709	475
121.734	410	121.760	475
121.785	406	121.810	475
121.836	404	121.861	474
121.886	403	121.911	475
121.937	402	121.963	474
121.987	401	122.013	475
122.038	399	122.064	475
122.089	400	122.114	475
122.140	401	122.165	474
122.191	402	122.216	475
122.241	403	122.267	475
122.292	406	122.317	476
122.343	407	122.368	475
122.394	409	122.418	475
122.444	411	122.470	475
122.495	413	122.520	475
122.545	416	122.571	475
122.597	417	122.621	474
122.647	418	122.672	474
122.698	419	122.722	475
122.748	419	122.774	474
122.799	419	122.824	476
122.849	418	122.875	476
122.901	417	122.925	475
122.951	415	122.976	475
123.002	413	123.027	475
123.052	412	123.078	475
123.103	409	123.128	475
123.154	407	123.179	475
123.205	406	123.229	474
123.255	403	123.281	475
123.306	403	123.331	474
123.356	402	123.382	474
123.408	401	123.432	475
123.458	401	123.483	475
123.509	401	123.534	473
123.559	402	123.585	475
123.610	404	123.635	475
123.660	405	123.686	475
123.712	407	123.736	475
123.762	406	123.787	475
123.813	411	123.838	475
123.863	413	123.889	475
123.914	415	123.939	475
123.965	417	123.990	475
124.016	417	124.040	475
124.066	418	124.092	475
124.117	418	124.142	475
124.167	419	124.193	475
124.219	417	124.243	475
124.269	416	124.294	475
124.320	415	124.345	475
124.370	413	124.396	475
124.421	412	124.446	475
124.471	409	124.497	475
124.523	409	124.547	475
124.573	407	124.598	476
124.624	404	124.649	474
124.674	403	124.700	475
124.725	402	124.750	476
124.776	402	124.801	474
124.827	403	124.851	475
124.877	402	124.903	475
124.928	403	124.953	474
124.978	404	125.004	475
125.030	405	125.054	475
125.080	407	125.105	475
125.131	409	125.156	475
125.181	411	125.207	475
125.232	413	125.258	475
125.282	414	125.308	475
125.334	416	125.359	475
125.384	417	125.409	475
125.435	418	125.461	475
125.485	417	125.511	475
125.536	418	125.562	476
125.587	416	125.612	476
125.638	416	125.663	475
125.688	415	125.714	475
125.739	413	125.765	475
